20 20
1768 1996 1750 1937 1423 2355 1857 1466 1407 1777 1650 1757 1669 1760 1925 1599 1600 2524 1800 2027
1726 2103 2000 2186 1816 2490 2044 1246 1534 2057 1753 1908 1920 2084 2170 1807 1411 2208 1857 1450
1911 2182 2049 1918 1577 2563 1725 1613 1572 1914 1746 2063 1891 1863 2054 1947 1762 2531 2034 1991
1900 1883 1718 1569 1525 1993 1660 1307 1373 1706 1731 1625 1381 1567 1556 1613 1657 1894 1760 1735
1780 2357 1780 2086 1753 2733 1688 1833 1899 1898 1858 1874 1895 2153 2319 1749 1865 2547 2076 2033
1618 1766 1796 1463 1493 2289 1630 1186 1227 1408 1561 1519 1565 1601 1660 1376 1734 1795 1760 1947
1459 1727 1663 1298 1138 1631 1202 931 1107 1220 1513 991 1370 1518 1413 883 1485 1506 1359 1573
1722 2223 1796 1821 1801 2210 1796 1345 1694 1774 1880 1900 1624 1956 2122 1642 1973 2077 1741 2216
2029 2394 2046 2563 2230 2859 2120 1627 2205 2573 1936 2159 2074 2057 2451 1943 2463 2552 1883 2511
1729 2063 2136 2024 1740 2129 1653 1577 1619 1712 1748 1543 2067 1745 1891 1758 1884 2119 1719 1952
2192 2547 2291 2463 1808 2649 2318 1805 2067 2121 2206 1913 2256 2309 2359 1591 2330 2825 2032 2553
2025 2457 2158 2539 1930 2641 1937 1670 1779 2290 1818 1763 2194 2222 2402 1863 1762 2728 2093 1974
1651 2318 1769 2005 1779 2615 1632 1424 1408 1767 1754 1947 1771 1885 2152 2106 1919 2044 2174 1884
1215 1620 1560 1487 1216 2055 1614 846 1169 1264 1447 1678 1398 1647 1617 1499 1102 1872 1443 1378
1629 2043 1922 2154 1787 2202 1704 1114 1548 1774 1625 1755 1829 1913 2067 1762 1216 2334 1636 1553
2282 2543 2455 1818 1762 2738 2148 1502 1529 2100 2178 2156 1915 2170 2142 1934 2204 2341 2335 2309
1794 2305 1963 2357 1763 2764 1498 1633 1818 1922 1690 1645 1979 1941 2251 1813 1934 2592 1991 2049
1745 1960 2087 1923 1705 2334 1736 1300 1469 1559 1869 1540 1872 1690 1871 1576 1717 2227 1727 2064
2191 2576 2123 2252 2031 3075 2077 1734 2163 2286 2311 2077 1841 2424 2359 2147 2348 2707 2261 2529
1932 2037 2181 1519 1689 2395 1325 1309 1422 1509 1727 1716 1645 2045 1896 1748 1523 2050 1951 1767
