100 100
82 38 7 27 85 81 98 6 43 68 15 11 26 69 67 74 99 85 2 50 5 27 63 43 66 58 5 20 7 30 5 90 69 13 17 54 46 67 13 89 87 80 53 13 50 72 39 1 57 42 51 62 21 14 58 88 24 63 60 32 45 17 22 14 30 91 21 77 58 86 18 45 66 23 11 68 95 50 69 4 92 21 19 14 87 77 54 12 92 66 96 37 83 18 4 14 9 77 43 19 
63 13 64 81 37 27 50 84 78 71 41 22 92 60 36 32 89 42 96 81 8 92 18 92 62 22 58 23 99 53 42 14 66 58 96 55 86 98 92 64 69 33 86 14 93 75 46 82 69 94 15 78 86 33 22 0 56 80 23 7 85 65 22 51 75 70 59 61 68 51 77 89 84 16 3 29 91 1 11 12 95 26 90 33 11 64 33 19 96 56 27 81 73 1 85 49 71 44 62 91 
95 40 80 31 56 36 60 99 89 23 11 37 49 54 70 12 18 56 32 15 64 11 96 90 12 33 39 35 77 53 78 24 93 58 55 1 46 15 0 36 38 64 25 39 18 47 52 88 3 36 55 68 47 4 10 59 37 49 46 15 54 24 91 48 34 47 1 81 14 54 69 5 18 94 44 88 41 48 28 97 84 84 17 83 40 27 42 77 28 40 44 82 64 36 82 99 35 84 32 49 
38 53 54 8 47 51 48 40 99 76 89 36 12 6 19 52 85 14 82 13 54 26 48 19 14 30 70 49 66 2 99 4 55 5 64 54 56 64 46 56 93 36 44 57 94 63 62 32 29 44 45 84 22 93 55 89 76 25 38 42 27 89 99 34 95 63 88 51 80 86 59 73 74 3 30 69 19 92 1 48 88 98 84 63 44 39 52 20 64 42 14 43 32 13 77 27 29 17 30 9 
4 90 34 78 45 16 99 64 9 52 65 49 3 49 12 47 89 64 19 5 7 33 49 91 99 78 70 28 48 0 89 4 42 23 82 40 39 34 4 0 86 21 50 41 71 14 88 60 31 59 17 38 93 18 81 92 97 51 72 97 3 61 1 98 84 35 38 75 69 94 76 8 16 78 49 87 92 90 99 23 49 16 13 94 35 94 86 84 97 10 81 1 71 34 99 7 69 89 83 91 
83 59 99 99 37 48 86 29 90 37 5 40 6 18 34 41 65 73 77 62 83 10 15 7 44 66 14 65 55 97 56 39 8 55 90 45 56 29 27 46 66 32 38 72 2 73 65 67 98 94 82 33 4 49 40 0 16 55 18 23 4 74 14 13 82 5 10 90 34 37 88 52 21 27 25 24 52 42 43 2 37 77 35 93 27 28 46 95 35 64 18 39 90 33 52 24 90 15 14 24 
52 55 28 26 34 5 2 38 48 97 40 37 75 27 30 54 55 28 49 90 44 19 30 35 4 34 11 94 49 78 70 54 33 51 80 67 56 82 5 4 79 97 41 6 24 24 60 80 52 61 70 97 33 52 84 37 39 95 84 88 25 6 94 58 57 26 77 14 8 34 70 40 31 12 98 56 88 11 88 40 72 10 89 57 63 25 95 2 73 31 42 98 89 89 57 47 15 86 61 24 
21 83 16 4 95 14 60 35 77 0 76 50 11 17 59 26 43 6 28 68 37 22 66 27 11 75 26 27 62 39 3 83 22 71 87 70 37 0 5 15 0 81 17 63 51 76 89 46 83 69 14 20 92 80 99 55 56 25 34 18 64 37 53 39 60 92 9 98 92 14 13 45 96 30 60 99 6 50 45 89 19 11 62 63 91 13 71 99 39 5 69 55 95 22 94 55 67 3 5 59 
18 18 56 66 48 17 17 7 19 62 96 90 73 10 6 16 24 77 16 15 34 85 70 81 60 17 89 27 72 94 38 42 13 47 60 13 16 77 20 35 91 69 77 16 79 83 33 3 12 1 18 99 38 41 80 50 10 21 29 82 16 68 25 81 67 85 46 83 63 67 70 6 88 99 23 67 83 8 23 47 9 93 46 99 86 79 50 96 52 79 31 68 99 56 1 66 93 48 1 8 
67 23 15 7 23 90 74 58 98 49 5 59 95 4 58 81 35 60 30 87 92 61 8 91 69 9 10 14 9 63 23 28 87 90 35 62 80 62 20 30 11 77 89 58 81 47 92 16 60 74 56 52 35 64 95 56 73 57 22 35 73 45 63 60 87 99 74 19 61 94 49 24 23 38 83 5 38 75 73 98 49 29 2 36 93 49 44 19 7 66 54 32 64 17 44 3 16 18 23 77 
64 72 2 87 11 37 44 1 64 18 51 65 99 53 53 45 54 97 64 13 15 70 45 31 87 89 35 56 7 58 85 23 30 39 11 93 76 55 46 92 25 97 57 77 2 62 22 57 11 38 70 27 8 68 58 47 57 93 55 17 3 41 40 34 32 3 79 61 59 26 53 36 75 63 13 78 25 87 87 89 25 9 16 85 77 26 85 87 72 92 4 75 85 96 61 18 0 93 79 59 
71 84 47 46 99 13 76 77 0 63 66 78 73 34 15 2 60 0 89 84 93 93 60 78 90 73 48 90 66 79 1 89 64 48 36 63 13 12 92 14 28 58 92 1 92 7 3 5 60 45 89 5 38 1 83 80 75 84 22 93 63 75 83 27 76 71 43 89 35 35 3 63 46 95 16 38 55 72 95 15 17 85 20 7 86 55 88 13 39 62 59 3 38 94 82 14 17 77 3 52 
13 7 16 11 54 84 49 61 56 45 76 73 82 48 81 20 56 21 86 47 83 97 2 21 91 85 35 60 62 39 12 27 98 80 38 4 17 40 66 73 37 94 99 71 95 32 91 51 53 29 50 88 26 53 10 69 90 97 29 4 88 94 84 38 26 74 43 43 14 9 69 3 3 68 74 98 0 18 1 5 47 52 93 26 57 55 95 47 53 77 51 93 71 35 84 97 10 27 93 76 
36 62 32 91 30 58 42 82 28 43 87 76 95 80 2 4 36 49 51 41 26 55 86 97 90 70 47 52 97 92 81 85 54 65 77 36 23 71 18 52 14 5 80 62 37 34 66 73 83 70 66 10 25 53 59 67 23 58 72 73 2 53 10 8 18 39 44 93 10 14 45 25 71 25 39 9 11 5 34 95 75 1 57 0 54 68 68 29 79 92 54 81 45 65 90 15 4 86 8 15 
1 6 92 24 83 31 33 95 88 68 42 64 21 99 16 27 19 36 56 98 28 63 80 25 28 22 40 84 8 1 51 61 59 95 86 42 78 71 89 67 91 31 83 12 82 99 39 2 88 96 0 68 11 32 94 91 54 86 27 15 39 79 28 98 26 14 41 5 38 82 72 29 14 55 42 96 6 81 98 46 29 99 15 40 31 9 31 38 47 59 53 87 90 81 85 68 48 78 73 86 
61 45 67 27 52 9 23 11 91 74 57 72 25 72 13 8 33 96 46 81 7 51 20 49 85 57 18 85 88 91 23 1 89 90 28 93 0 3 4 43 77 14 67 2 38 32 63 72 29 9 5 88 13 77 90 98 34 8 83 74 51 6 75 92 96 55 38 48 59 94 43 88 8 11 43 47 43 6 71 24 67 28 13 80 5 55 78 91 15 61 66 18 19 41 63 68 97 1 16 56 
95 60 96 56 23 39 3 66 45 26 91 65 54 56 45 59 63 24 50 78 37 16 96 57 10 59 25 7 12 93 15 8 5 11 64 28 3 19 47 0 45 90 65 51 98 11 10 61 87 12 91 24 81 87 33 91 99 10 50 11 56 17 71 61 80 87 42 83 58 41 36 55 31 1 6 29 64 68 42 51 33 33 28 14 72 13 57 23 76 7 87 32 24 58 45 4 98 39 40 56 
80 76 64 11 29 70 92 46 91 34 97 24 19 77 38 92 43 95 67 19 54 54 51 30 65 48 34 15 88 26 71 68 54 87 80 84 58 24 30 1 11 79 25 30 9 63 74 52 10 42 71 16 96 74 46 13 74 32 28 62 59 52 31 13 39 63 49 49 87 31 50 98 11 75 81 72 90 55 24 52 97 47 68 46 73 14 59 47 99 88 10 58 40 93 23 31 8 73 81 95 
56 31 46 67 7 79 91 97 34 67 50 84 14 70 30 39 85 41 87 84 29 49 94 21 42 69 53 50 42 34 97 99 17 95 18 24 74 62 74 9 29 76 93 44 46 75 35 83 16 22 19 98 71 65 71 65 35 76 15 77 62 65 28 80 60 99 56 87 61 30 96 90 6 41 86 5 68 22 40 36 96 60 34 68 25 58 85 60 34 53 90 97 18 70 29 30 69 85 17 82 
16 65 25 74 58 11 31 26 85 72 63 34 32 49 54 9 7 39 22 42 92 12 91 10 82 20 93 4 5 10 86 73 76 63 0 34 75 83 13 12 55 28 46 39 77 0 49 85 92 23 79 84 35 22 47 69 42 40 73 99 50 12 25 78 75 77 65 2 60 78 67 68 6 13 7 35 66 8 72 10 31 51 94 18 25 93 88 19 33 61 19 36 25 96 66 1 25 83 3 85 
61 70 53 19 36 13 55 54 73 79 64 5 83 10 23 8 56 63 28 41 25 99 29 2 47 96 3 72 79 59 57 93 81 63 64 69 76 71 75 1 51 91 6 34 2 82 42 58 45 70 51 22 21 81 25 68 77 80 40 8 39 50 1 73 13 18 42 41 89 18 42 40 61 1 26 63 35 69 73 80 91 25 55 65 6 32 33 35 12 74 95 4 76 49 29 89 67 71 82 56 
41 76 49 3 29 75 18 64 96 44 97 40 21 52 5 79 84 38 14 48 64 9 4 40 10 33 81 77 5 15 34 98 44 35 53 73 62 24 38 59 68 35 51 89 87 56 68 23 46 34 71 63 95 28 55 6 61 89 35 66 4 21 17 48 56 70 74 19 94 12 30 14 47 81 55 86 89 75 61 35 9 84 50 57 12 6 15 74 95 50 92 51 72 9 52 28 32 26 99 78 
38 81 45 37 62 0 75 51 76 36 39 37 20 89 94 33 47 9 7 42 12 51 46 84 61 98 64 45 76 16 75 14 97 20 3 60 21 78 63 49 66 54 86 86 44 81 71 91 42 30 86 6 82 32 90 95 82 7 40 58 23 67 24 72 88 79 84 61 57 48 10 75 54 96 61 50 29 85 94 24 15 80 30 49 64 73 44 98 80 36 56 55 4 32 27 44 11 12 57 20 
12 67 95 66 15 8 17 45 93 11 21 61 43 51 10 59 24 7 57 4 43 13 11 99 45 39 95 56 51 52 28 63 19 23 81 87 31 98 32 77 61 53 90 4 56 0 63 81 59 20 37 3 85 49 54 82 40 50 90 43 2 18 58 74 41 39 61 25 90 45 54 51 50 44 56 6 96 71 39 56 44 77 11 29 78 17 12 18 67 54 13 22 73 71 96 66 10 57 43 0 
54 97 4 4 93 12 10 42 83 50 98 27 79 61 9 57 78 73 27 98 27 40 20 52 63 68 19 73 77 62 26 31 60 30 35 5 42 45 47 77 47 97 57 26 10 18 35 89 91 62 39 70 54 11 23 17 79 42 43 8 56 69 39 68 51 74 74 45 71 21 22 19 19 31 97 29 49 33 70 40 95 61 63 2 72 38 19 3 32 62 11 88 83 50 57 34 76 31 79 0 
4 54 19 75 85 16 57 35 1 27 27 97 41 42 99 65 80 70 69 12 85 32 1 68 35 58 55 11 41 34 63 97 40 82 73 26 51 30 13 52 9 40 1 50 83 52 68 63 75 37 28 60 21 29 28 56 39 83 20 32 70 83 29 62 18 2 88 21 84 53 25 94 94 79 96 29 31 64 44 6 53 72 18 75 1 47 83 92 82 55 24 4 91 54 67 61 8 7 82 93 
61 59 39 7 90 35 88 22 52 32 80 5 5 51 32 58 50 68 3 32 75 79 89 66 85 8 27 94 67 61 39 80 73 30 87 63 65 75 37 69 60 70 27 17 21 11 27 71 79 30 55 7 10 96 73 95 4 53 41 24 14 32 4 39 62 44 3 28 71 92 49 31 62 76 48 83 40 28 6 71 10 62 78 20 58 52 68 15 57 61 39 71 94 43 63 56 87 66 36 11 
58 86 42 73 14 43 56 54 71 15 26 81 77 4 54 87 8 74 2 65 35 41 89 29 37 52 86 76 70 22 87 80 8 30 53 75 25 62 29 48 77 55 81 6 12 35 93 72 9 96 38 97 37 27 26 26 31 12 3 1 87 90 81 47 72 87 22 97 49 52 45 26 59 27 32 23 14 77 96 76 73 86 73 63 13 99 89 96 64 92 49 51 35 30 98 7 69 73 5 18 
25 2 96 36 29 80 12 96 58 8 72 31 94 45 46 59 96 36 7 60 80 56 63 15 38 62 23 8 87 80 26 64 82 75 0 64 55 64 60 13 72 84 97 18 29 43 29 77 31 36 38 12 44 1 79 83 15 54 91 2 34 69 66 69 44 19 85 0 83 97 65 8 81 14 78 62 58 60 39 41 48 29 53 93 31 85 76 98 39 19 53 26 88 71 95 33 90 32 85 26 
29 2 34 62 17 64 76 27 24 15 68 73 45 74 18 28 59 94 78 98 13 83 24 53 55 71 38 45 3 75 23 84 78 9 98 47 74 74 74 50 42 94 23 39 68 41 19 27 87 97 78 52 81 2 6 36 26 96 33 81 72 9 18 2 18 16 49 92 43 75 43 85 69 18 24 38 12 43 17 99 92 95 4 25 50 10 13 76 58 99 9 30 8 27 84 26 44 33 71 39 
60 66 24 30 36 48 20 48 43 89 0 87 85 4 13 87 14 26 63 24 25 24 55 33 52 91 12 48 25 35 87 37 1 11 19 37 11 91 38 6 81 38 93 18 42 6 5 56 85 20 32 10 44 87 96 96 79 8 96 56 43 35 45 96 98 65 85 61 56 23 67 37 61 61 55 3 19 12 11 4 32 44 67 77 83 63 25 62 23 22 70 18 57 68 66 8 33 51 69 41 
75 37 79 36 50 86 40 69 99 51 26 31 47 93 60 31 8 86 45 83 60 16 53 69 36 19 77 69 70 47 10 97 84 41 34 86 80 26 7 79 29 33 62 77 78 23 8 38 61 5 73 21 73 26 90 9 97 68 78 20 67 41 17 3 82 3 89 62 81 96 93 63 82 8 40 12 83 0 3 44 5 28 17 31 55 7 40 52 27 19 24 94 12 42 49 94 97 38 9 79 
87 54 42 21 62 34 85 97 86 40 41 43 69 10 74 76 18 15 80 97 86 5 44 98 47 93 44 96 84 53 75 23 60 69 96 22 3 81 72 41 74 65 85 43 76 11 19 46 78 99 43 64 4 39 62 3 85 59 0 69 12 27 44 72 97 40 47 52 73 71 94 47 36 31 90 12 42 61 58 21 61 54 37 17 93 52 21 30 11 21 51 23 48 95 48 97 87 47 50 61 
18 96 60 54 27 3 19 21 64 29 94 25 83 32 95 29 84 16 59 95 89 11 70 89 58 70 87 46 69 37 59 39 33 19 46 12 74 65 33 39 94 28 16 30 12 11 59 96 27 70 43 68 33 65 58 92 88 45 90 57 34 1 97 19 72 43 31 47 8 64 86 54 44 54 84 56 18 95 4 97 18 99 66 51 65 24 95 53 21 85 62 55 86 59 74 59 54 5 58 14 
21 44 69 66 50 5 74 68 53 31 66 71 30 32 22 47 8 18 52 29 55 15 84 94 26 10 53 81 15 11 95 88 7 16 6 9 74 33 78 27 64 96 50 94 28 24 94 88 94 46 17 50 61 53 44 88 63 49 21 30 12 16 18 19 85 77 80 59 10 58 38 74 6 88 20 86 64 14 74 59 13 91 9 74 96 53 14 59 54 87 41 66 56 12 37 41 89 17 52 51 
28 90 77 34 30 49 21 94 64 95 53 29 39 14 3 35 19 70 47 73 57 88 39 13 52 76 6 41 46 58 44 74 0 21 8 82 71 29 29 87 77 34 16 16 49 71 3 20 41 50 46 51 91 85 16 43 14 23 37 12 33 81 86 86 55 94 20 26 76 49 65 53 36 81 69 37 52 24 57 46 27 3 49 18 41 65 13 7 40 2 19 26 84 5 64 39 51 84 17 27 
86 82 80 22 15 1 59 19 26 16 65 53 72 66 23 13 84 88 72 76 91 91 2 75 48 18 66 99 3 35 79 41 69 59 63 84 13 22 3 39 90 21 44 14 87 19 79 71 7 51 48 98 94 2 25 42 21 43 94 76 78 73 17 47 84 80 83 97 54 87 88 96 60 84 11 47 3 90 71 11 42 19 61 88 73 87 83 46 82 29 22 61 54 91 60 38 23 44 88 77 
83 76 26 43 61 37 42 16 79 13 79 73 84 41 62 58 80 97 56 62 26 79 75 80 70 88 70 94 32 58 23 67 87 49 62 0 38 4 16 70 70 96 43 54 89 57 64 21 54 21 35 80 52 63 12 74 51 83 68 35 41 44 2 28 45 16 28 84 20 45 6 42 93 49 97 34 7 13 7 13 86 94 46 38 57 58 13 8 41 33 95 83 77 97 11 23 65 92 59 86 
89 17 28 34 66 77 20 25 43 27 91 29 21 37 68 31 95 33 91 37 66 87 20 96 84 83 19 2 75 30 88 16 47 68 50 65 98 70 43 41 97 34 22 71 71 90 54 66 75 45 3 42 32 75 38 69 59 9 71 86 91 11 3 90 31 53 55 29 76 98 22 73 84 97 96 55 87 50 74 15 96 77 57 28 5 47 49 16 56 20 2 99 31 57 89 63 63 96 44 39 
47 19 64 31 16 13 87 55 15 13 70 11 90 27 92 47 26 93 63 34 14 18 33 45 75 74 60 90 71 57 29 18 76 46 49 92 59 88 99 74 1 70 38 44 49 82 91 76 75 55 10 89 73 96 87 0 70 99 91 41 56 72 59 32 18 61 76 29 1 76 56 55 46 94 99 47 28 42 23 3 49 86 45 74 82 84 75 4 83 18 46 40 90 57 24 61 70 1 42 72 
29 98 27 75 44 78 22 72 20 98 28 22 36 25 96 18 9 23 74 44 41 20 36 84 30 61 97 0 14 39 24 43 90 3 70 34 81 44 59 54 94 39 76 30 64 24 0 25 48 75 21 89 47 58 25 77 71 22 78 37 14 54 32 4 58 54 90 91 98 1 45 45 40 73 75 56 98 28 81 98 3 55 39 2 13 65 80 36 39 10 25 53 64 57 9 22 11 0 14 61 
53 11 6 94 37 34 50 87 62 84 85 17 39 24 19 4 41 99 92 81 61 17 86 26 74 96 0 37 48 66 98 1 78 5 95 15 39 98 54 53 82 39 70 73 15 89 29 57 41 21 90 2 38 76 80 64 72 81 1 20 47 51 74 77 56 21 44 47 19 98 0 53 89 22 78 57 12 7 14 5 80 4 59 70 80 92 34 5 25 87 77 24 39 51 2 47 73 98 47 44 
97 47 50 38 70 28 95 34 88 61 91 68 65 2 39 98 94 25 3 19 65 80 44 56 84 98 3 9 96 2 53 45 2 55 84 24 84 31 10 24 93 1 92 10 55 83 8 50 9 63 21 26 96 17 82 80 67 37 89 64 40 94 61 42 50 97 66 86 29 76 10 74 29 54 84 84 38 93 86 99 8 8 77 4 77 59 36 45 48 77 61 88 72 22 82 74 20 0 12 1 
28 74 75 9 28 59 94 18 4 80 69 65 40 46 69 18 57 6 63 6 83 76 46 7 98 81 81 70 33 45 23 62 19 98 23 0 10 17 70 66 50 92 31 42 90 53 12 48 59 27 6 94 3 4 2 2 85 35 24 71 33 48 85 52 98 8 4 60 78 75 27 80 67 10 22 57 63 35 57 74 14 63 69 18 20 23 72 57 10 96 28 43 96 13 48 95 74 52 55 52 
27 34 32 46 97 6 4 12 93 61 87 8 77 8 26 49 83 98 6 93 46 35 89 43 0 37 90 74 89 45 78 17 32 10 15 81 17 19 93 62 33 80 70 62 40 48 11 23 98 17 69 45 4 58 40 57 95 30 31 36 27 10 53 11 72 69 92 41 40 86 4 25 18 74 87 59 75 50 34 73 20 3 70 24 13 10 81 60 40 65 97 20 27 2 31 99 71 24 93 64 
10 97 41 28 23 29 87 98 31 74 24 51 77 94 28 43 5 9 3 97 26 0 17 53 3 49 5 26 25 98 90 35 95 32 15 70 13 55 69 96 29 93 48 58 39 76 1 44 37 5 94 16 5 11 69 60 12 74 87 89 72 29 24 19 13 40 90 78 95 11 75 76 56 23 34 95 51 36 40 40 93 86 56 98 49 78 59 62 4 98 3 77 27 28 48 41 20 38 19 67 
49 94 43 5 69 77 1 72 65 93 65 58 79 73 57 80 3 68 94 8 66 98 37 45 26 85 38 98 24 58 65 25 4 60 31 26 37 84 50 3 29 15 61 60 41 70 40 44 90 35 52 8 33 89 54 11 75 92 9 51 2 26 76 7 86 7 85 75 43 35 78 72 3 92 84 44 14 25 88 5 12 93 13 45 82 19 8 9 12 69 60 66 95 89 25 33 96 10 8 92 
98 39 16 1 31 1 97 97 26 85 2 90 30 68 35 65 87 43 74 51 12 87 18 59 76 43 92 24 6 0 16 4 91 85 57 74 86 54 72 64 39 74 54 22 94 41 87 82 36 61 85 0 0 55 59 76 99 3 53 57 55 21 61 47 6 18 21 92 24 93 56 15 20 62 37 14 3 24 48 39 38 34 91 38 89 50 67 40 5 20 97 61 41 10 60 0 80 33 92 4 
27 1 20 99 15 57 13 19 34 62 10 72 48 2 62 37 4 81 30 62 53 79 23 95 90 35 95 22 68 39 79 47 92 51 46 8 60 60 79 94 74 89 18 22 43 81 11 0 14 41 62 68 21 37 15 63 24 62 37 92 1 16 40 94 67 86 2 28 98 81 74 24 22 93 98 18 26 10 18 40 51 32 60 24 21 75 39 45 37 77 89 91 93 29 85 13 68 39 93 18 
72 19 95 46 12 93 64 90 3 34 83 7 18 43 83 91 71 23 36 8 0 78 99 45 59 36 10 27 27 55 98 99 75 93 98 39 38 14 30 42 1 65 1 19 8 36 63 31 59 99 40 11 29 39 9 89 28 71 68 55 27 66 55 2 11 5 41 50 19 23 44 20 88 97 92 49 33 55 80 93 6 20 56 36 12 65 25 40 37 93 47 16 12 54 18 23 59 11 25 79 
35 21 51 23 18 95 24 4 50 5 49 9 77 5 45 41 23 22 33 12 15 81 28 79 35 98 55 95 9 32 26 44 54 29 20 24 25 44 28 75 1 77 36 31 35 81 72 58 55 6 22 71 39 50 2 74 48 57 21 57 90 99 54 96 81 26 20 6 22 49 33 24 78 70 55 13 3 79 23 59 37 45 82 76 47 84 3 47 94 76 57 84 28 11 80 9 89 52 67 11 
53 0 87 32 22 94 97 26 74 73 85 63 70 19 40 18 3 95 65 97 23 74 33 51 85 65 12 26 18 79 38 71 80 25 55 2 20 5 80 46 78 17 9 0 36 1 70 40 48 36 89 72 62 75 75 48 40 88 74 10 19 64 34 99 42 41 54 62 46 86 60 76 4 21 77 40 75 47 32 23 35 74 47 98 49 75 98 41 15 24 52 34 41 38 86 83 79 92 97 26 
78 57 54 34 30 31 75 5 31 59 81 18 33 80 68 82 55 18 24 70 43 28 5 84 66 43 67 45 35 16 23 65 73 78 0 55 61 75 61 44 86 94 15 20 74 83 54 82 2 30 52 97 58 9 33 76 52 52 74 39 68 97 5 93 27 5 48 41 32 9 37 18 55 52 90 30 36 45 12 90 75 16 39 86 78 72 14 82 76 88 22 44 38 79 37 17 84 37 10 68 
99 48 86 54 0 77 84 88 74 48 30 49 17 69 87 95 93 2 77 69 42 51 65 32 30 54 50 66 92 60 34 91 8 73 45 61 50 82 1 24 82 32 25 99 53 65 46 47 19 76 68 61 27 34 46 10 40 96 28 32 8 63 23 69 36 21 30 38 55 31 14 37 15 91 89 69 56 87 16 75 63 36 89 43 22 35 5 63 83 33 95 43 48 71 12 36 44 94 74 99 
78 40 88 93 32 29 62 40 17 30 68 80 67 9 23 89 44 28 4 79 14 0 22 62 23 87 99 67 81 25 18 59 66 58 5 50 88 67 90 5 50 10 85 69 19 61 10 15 41 15 94 55 67 69 70 90 56 69 9 89 94 79 49 12 37 6 62 25 25 5 82 75 67 20 44 87 81 7 54 74 22 1 82 41 70 52 83 78 73 92 67 19 23 68 32 60 74 46 38 0 
3 20 27 71 40 24 10 73 31 64 0 5 65 82 46 35 86 29 65 59 73 85 78 96 53 10 8 80 9 46 32 12 19 59 35 11 83 45 37 66 10 37 71 75 19 69 63 5 98 80 16 23 65 94 19 19 57 80 51 18 78 83 30 97 42 18 61 78 63 98 44 25 35 68 53 6 37 68 11 36 48 79 59 14 73 31 85 82 63 88 0 41 71 83 91 65 1 52 43 16 
50 40 94 85 8 47 43 45 67 54 81 15 85 93 81 58 76 18 93 39 6 93 80 77 28 23 43 29 75 38 98 25 78 92 62 86 91 5 32 58 11 65 73 96 10 7 7 86 25 52 77 84 45 10 13 74 33 8 55 9 47 5 86 77 97 1 64 40 58 48 98 22 13 24 18 24 31 77 62 8 29 92 44 27 54 58 53 87 66 60 48 65 66 87 43 15 40 7 56 98 
7 6 20 20 30 91 96 13 20 11 74 50 55 18 29 9 76 82 48 95 94 49 60 60 36 3 28 76 62 36 26 69 42 99 42 73 90 38 38 10 1 12 12 56 31 93 17 59 75 66 54 22 15 67 34 3 70 62 31 85 98 57 54 93 56 96 18 98 87 56 9 88 69 73 97 52 67 14 63 94 80 70 16 47 37 51 50 7 65 81 92 16 39 99 9 47 95 27 46 82 
83 7 23 4 32 72 56 99 86 72 46 19 42 14 66 79 17 17 38 83 98 83 99 89 82 60 89 29 87 87 64 22 94 87 27 78 59 35 30 97 7 76 16 49 42 83 28 60 0 19 95 50 2 46 92 84 6 33 13 45 20 77 67 66 16 94 44 75 82 74 25 89 2 41 91 45 24 71 5 76 90 0 79 92 98 71 76 4 4 42 49 76 19 16 42 36 63 86 63 45 
61 88 86 63 82 77 60 6 49 65 35 39 17 14 84 67 37 60 71 93 2 72 21 74 89 63 62 4 1 25 1 62 66 87 78 0 17 90 6 66 56 93 57 25 59 41 93 48 54 16 41 8 89 62 82 30 77 44 34 79 22 87 93 40 74 23 40 91 14 98 9 22 92 67 99 3 60 44 52 14 61 45 23 2 8 57 32 37 2 18 16 76 5 10 16 31 85 8 23 99 
6 84 21 50 51 21 54 64 65 6 78 78 51 53 80 11 11 64 49 65 34 17 41 91 79 9 23 65 17 98 64 23 82 38 74 86 11 80 50 28 38 80 7 89 86 39 53 97 56 54 14 90 71 55 82 3 16 5 68 33 55 84 8 37 74 34 23 85 14 25 66 52 58 73 94 44 64 47 93 20 53 7 11 76 14 45 79 30 2 99 15 57 36 23 94 10 58 70 48 72 
95 14 77 5 87 71 49 3 70 42 24 75 49 87 51 15 84 83 45 86 82 60 43 18 84 37 81 94 59 29 18 7 43 95 12 82 18 62 85 40 4 61 15 6 0 19 21 84 2 19 70 84 79 65 55 15 55 36 9 14 65 28 21 8 75 86 90 46 48 27 86 4 89 54 62 41 73 84 78 75 55 0 11 34 66 66 2 21 2 63 87 67 43 61 27 19 47 17 17 47 
97 3 51 38 9 14 79 82 50 57 57 57 58 69 91 76 87 45 97 90 9 36 9 52 97 37 23 44 6 40 91 3 96 95 41 5 61 73 88 63 82 97 20 40 18 63 16 6 9 65 48 18 2 57 22 51 46 46 96 53 86 39 8 82 34 2 88 95 75 28 10 57 77 30 50 96 94 18 54 3 84 2 73 38 59 95 89 6 93 37 11 32 77 19 66 63 73 6 11 48 
34 21 58 12 52 60 60 98 78 14 1 14 16 26 52 27 73 94 85 67 31 96 51 60 68 17 76 93 24 87 94 10 60 52 74 64 12 34 62 42 0 15 57 16 41 9 96 67 55 81 34 87 30 37 99 50 54 75 43 30 14 37 41 27 41 67 91 5 2 6 48 2 21 5 71 15 66 67 82 22 0 68 61 30 5 60 32 11 88 28 42 2 65 35 81 59 2 73 16 56 
79 64 11 52 21 34 19 40 53 1 62 53 21 75 36 78 35 20 90 75 48 84 30 66 19 11 25 73 84 41 30 15 58 93 20 79 27 39 19 80 93 33 85 14 8 73 93 96 94 35 71 42 19 1 8 90 13 85 63 49 27 45 17 37 38 37 68 17 76 88 49 69 73 87 36 82 60 81 78 54 16 1 49 87 3 9 77 68 95 92 17 74 38 86 11 28 23 79 98 0 
19 47 21 93 86 9 27 47 90 57 53 58 58 54 45 13 64 22 33 59 67 3 85 5 89 48 85 13 27 83 65 99 83 38 44 69 48 71 68 38 80 22 97 38 76 42 4 92 17 37 3 84 92 88 41 82 36 26 95 16 10 12 67 45 50 11 14 98 34 83 37 14 57 86 4 85 80 8 78 97 98 33 33 90 22 26 24 10 53 71 78 15 83 45 60 34 56 26 84 90 
61 73 56 18 59 61 56 40 21 34 89 71 67 23 62 41 49 38 4 54 10 82 21 93 28 81 79 36 60 64 27 21 89 35 40 49 96 48 41 18 82 30 89 1 5 3 95 7 42 99 13 4 33 35 97 61 68 29 50 28 45 29 50 34 64 42 83 61 90 76 31 24 7 20 77 64 76 24 71 70 75 37 74 9 72 23 22 40 52 72 21 97 1 23 32 18 17 67 79 7 
44 10 83 3 82 12 19 10 37 43 80 64 80 6 73 52 30 48 44 82 20 65 32 74 88 16 92 5 83 23 64 79 85 99 34 67 12 54 30 1 49 10 65 29 69 91 33 99 39 77 33 11 43 65 85 83 81 29 89 17 52 5 48 37 5 35 57 69 41 87 22 90 49 87 19 18 30 52 69 69 81 3 81 24 20 18 60 2 48 1 71 0 6 19 90 63 6 47 32 47 
86 6 37 35 94 56 6 76 60 75 46 42 78 79 18 99 97 78 53 97 79 24 50 38 95 40 1 2 39 86 49 25 92 87 12 38 95 18 15 56 94 13 50 24 44 68 23 41 47 28 91 78 4 41 68 52 33 70 54 72 8 55 49 52 94 61 43 42 80 10 98 26 23 48 50 67 68 26 60 67 6 51 46 11 44 14 63 77 36 69 1 96 76 50 49 71 12 44 13 44 
54 63 22 29 63 72 48 31 50 60 51 57 12 97 20 8 63 83 86 52 4 87 48 80 38 49 3 2 45 16 98 99 31 20 80 46 44 28 78 95 89 29 4 53 78 24 13 93 59 99 45 63 39 46 95 29 95 99 83 41 67 81 92 99 1 73 45 45 53 75 92 94 56 96 99 86 20 13 80 31 64 77 94 3 23 90 84 71 41 67 64 8 48 8 59 1 33 57 99 87 
32 91 33 41 40 33 27 12 98 59 44 62 89 90 66 64 32 50 35 73 70 51 82 18 60 93 72 45 50 71 84 83 14 18 76 6 3 55 19 1 67 15 63 56 5 81 20 38 84 8 63 54 59 97 24 71 91 96 17 41 19 1 76 86 71 52 92 74 60 63 75 27 78 91 83 84 72 55 74 8 63 37 14 75 35 39 98 26 87 67 67 59 21 44 45 92 48 89 19 8 
53 46 35 31 37 70 15 62 78 89 70 41 79 85 68 14 76 19 40 15 86 59 74 7 3 71 52 4 13 71 12 66 17 0 49 55 22 17 69 0 58 91 94 37 28 14 51 4 33 91 72 20 51 46 79 6 70 31 62 83 54 75 49 72 27 98 79 1 67 0 2 26 91 48 63 20 62 15 76 96 58 48 68 9 47 47 68 17 31 30 0 85 57 1 9 36 51 88 38 19 
88 92 45 32 40 60 52 54 75 80 50 34 29 70 95 28 18 63 45 1 46 97 86 3 50 96 40 53 36 30 24 77 22 21 9 14 82 13 68 57 93 71 43 74 41 39 2 11 54 99 12 0 96 51 4 98 99 96 4 35 26 28 64 0 50 73 14 84 38 82 93 32 5 37 58 47 28 61 10 82 60 75 35 9 26 91 59 25 87 63 12 65 44 29 65 46 2 31 30 93 
65 23 77 71 12 35 70 92 48 80 27 9 55 62 70 33 5 81 10 44 97 75 9 41 4 26 87 58 9 69 51 74 44 28 45 9 64 67 1 12 48 28 73 55 42 95 41 47 29 51 91 26 26 52 19 30 30 6 41 39 75 92 14 71 73 11 80 89 79 82 53 79 62 79 34 57 26 75 56 55 79 48 33 57 52 52 40 83 58 81 22 85 25 36 9 98 0 89 87 79 
23 93 58 86 72 44 95 98 72 51 6 51 51 39 8 4 92 48 87 2 29 61 88 7 98 97 5 50 38 45 29 62 38 39 0 62 83 95 60 7 98 66 58 50 6 19 54 50 19 93 52 1 54 92 8 4 41 13 54 80 58 35 94 48 74 94 10 10 41 23 17 91 41 28 41 99 99 47 49 18 92 2 19 99 46 27 3 88 93 10 68 3 97 14 52 72 60 14 34 53 
37 3 44 31 83 38 30 82 37 32 1 30 34 72 81 32 0 36 20 93 46 40 96 44 54 0 68 14 15 54 67 4 57 64 87 93 2 18 75 91 50 28 21 36 1 54 68 53 91 41 46 37 81 94 33 88 47 53 2 14 59 22 70 69 38 58 62 40 76 37 31 78 18 5 66 19 59 86 24 50 27 22 40 61 16 25 49 15 31 3 29 90 25 0 59 63 58 21 55 86 
11 39 16 81 96 82 52 55 20 76 58 48 98 50 61 66 27 10 82 58 13 11 1 91 11 60 6 21 34 14 59 97 53 75 78 49 9 30 56 82 6 66 82 4 68 43 70 96 53 52 54 18 16 55 61 79 68 20 53 2 34 12 99 87 40 29 88 49 59 96 83 65 63 65 21 31 8 43 79 13 96 86 84 64 93 45 43 61 65 96 15 51 9 66 90 1 95 78 50 54 
27 34 71 42 51 44 73 60 88 5 73 84 91 57 0 84 55 43 98 72 40 65 24 1 32 14 2 79 93 4 86 72 90 57 14 42 2 39 54 42 44 27 26 35 37 78 72 44 21 22 16 13 87 40 14 19 55 68 99 0 25 85 72 15 94 86 9 48 25 63 90 22 43 68 57 80 46 81 24 68 3 40 33 91 33 0 62 88 68 61 88 45 98 12 61 93 50 22 93 75 
86 84 97 29 52 7 61 51 40 37 71 44 29 4 87 62 4 49 2 25 63 90 70 61 54 83 6 4 58 0 32 44 36 81 25 40 88 38 91 81 75 14 25 56 19 64 19 75 13 21 52 28 64 75 90 70 58 48 75 16 0 7 12 36 40 89 77 29 79 20 10 54 35 87 63 6 51 82 81 16 55 34 45 19 9 87 90 19 87 17 88 88 76 52 24 16 94 53 97 73 
74 59 80 9 46 43 67 49 25 48 18 32 34 15 4 95 54 94 15 41 63 55 29 39 7 54 7 53 7 5 27 33 64 7 94 63 50 61 64 27 62 82 59 96 49 63 92 3 9 59 45 24 14 74 15 73 80 23 27 88 28 54 73 44 13 68 7 63 81 24 42 43 58 53 40 8 69 84 11 78 43 56 3 9 31 70 34 11 93 61 51 73 67 77 18 32 97 77 95 78 
1 89 74 60 43 14 20 12 50 31 42 93 88 97 54 71 68 88 34 61 2 38 35 69 15 5 2 12 34 49 42 36 91 16 48 34 82 68 98 32 51 40 77 39 90 31 62 58 72 49 71 74 87 58 95 54 15 49 66 50 51 60 86 42 77 86 28 59 6 26 92 57 18 21 49 60 53 63 70 77 12 42 51 99 52 46 53 68 48 71 18 99 32 56 41 9 94 21 20 0 
99 64 9 69 86 58 30 91 22 0 68 86 94 71 86 47 17 91 67 17 63 85 16 47 93 9 8 87 30 28 39 81 45 48 51 31 59 33 74 33 33 94 19 80 65 57 79 34 49 46 52 64 83 68 11 28 30 71 15 12 99 6 94 44 54 45 27 65 78 1 98 63 47 70 43 12 27 74 47 28 72 51 92 55 71 55 35 1 26 50 14 78 8 8 74 63 5 2 80 83 
55 79 98 55 1 94 67 28 68 66 57 41 17 1 48 89 9 84 42 87 86 56 17 95 16 92 10 21 46 90 56 53 21 55 8 22 49 76 3 69 94 12 10 64 65 11 53 74 47 47 14 33 4 31 80 72 23 90 94 21 33 50 75 6 5 35 81 6 63 84 76 58 48 38 22 13 49 27 40 48 74 6 82 30 37 14 55 13 5 49 34 90 51 61 96 9 97 77 15 12 
13 43 70 13 82 44 79 83 71 71 32 98 77 66 80 14 80 35 79 37 36 66 27 88 27 76 97 76 5 64 89 71 8 11 84 42 56 63 25 79 34 9 29 63 27 10 78 8 97 57 97 34 75 25 74 55 53 23 31 58 87 72 29 47 36 14 89 92 29 67 23 16 76 53 79 4 15 9 64 12 19 61 98 94 38 24 49 43 47 33 2 35 5 83 82 93 97 24 85 79 
91 9 47 19 14 26 23 29 36 39 93 55 53 44 1 43 68 51 87 16 84 41 3 41 24 37 35 74 61 72 53 4 33 52 24 99 78 99 28 66 39 74 73 44 18 75 87 86 78 26 54 14 67 9 55 92 99 42 18 12 67 23 17 0 75 41 0 53 40 80 72 31 54 45 75 24 72 15 63 50 41 69 64 61 79 72 5 78 66 23 42 33 46 59 86 73 52 38 26 45 
70 50 76 77 96 4 1 20 71 64 71 64 86 87 25 65 59 30 95 26 5 37 11 3 49 97 76 1 87 55 98 58 5 75 35 53 31 36 74 2 53 97 18 91 84 44 56 44 26 3 22 32 92 85 35 41 35 12 95 22 67 93 32 24 20 67 78 3 56 52 57 61 49 76 52 85 20 60 81 98 15 55 30 7 41 18 1 76 30 48 50 49 93 83 73 14 2 3 69 10 
55 27 71 56 3 75 42 75 35 75 73 50 31 56 10 72 74 11 0 56 11 2 5 4 85 30 18 40 34 88 50 41 67 74 50 22 49 44 49 85 19 22 87 50 30 97 74 4 60 74 12 71 77 69 28 14 0 98 6 34 38 57 27 5 31 77 27 32 21 76 17 41 51 57 43 33 6 18 90 67 44 2 90 73 72 18 40 72 69 46 58 7 55 37 13 38 15 92 71 88 
21 40 81 24 49 25 57 56 95 47 75 39 2 65 13 74 36 53 98 5 51 8 12 59 45 77 49 60 22 20 1 43 13 82 67 62 7 24 70 2 24 45 94 26 63 7 52 99 12 50 56 15 10 20 74 55 50 76 68 72 96 69 15 61 3 34 76 11 10 46 65 34 92 59 12 7 18 64 6 82 66 14 98 28 86 24 84 36 0 4 8 49 25 75 62 28 61 38 39 72 
37 57 58 81 16 23 88 87 39 46 69 58 60 19 86 98 44 22 35 96 26 95 97 51 23 60 80 84 50 71 8 87 28 19 20 97 42 8 84 33 6 5 91 18 25 78 17 21 0 52 17 79 99 15 30 74 27 62 59 77 34 19 17 14 90 37 11 32 98 47 18 4 53 9 23 30 39 40 51 92 44 20 23 43 35 53 18 62 68 29 92 2 0 9 16 91 46 80 75 44 
79 93 1 32 55 24 62 46 16 65 38 60 86 61 55 73 67 25 36 35 6 80 89 59 89 57 50 87 37 77 84 17 23 85 1 78 61 16 24 77 81 15 89 19 28 44 93 47 22 81 34 28 61 23 87 2 33 89 89 22 67 25 91 90 62 93 20 23 61 96 52 94 63 41 14 44 38 7 91 12 88 78 92 1 53 32 3 86 21 44 9 40 70 0 82 32 45 2 8 58 
51 60 53 14 54 19 58 44 26 2 56 66 80 48 67 33 32 70 20 6 14 81 46 36 81 81 69 79 35 77 89 86 89 42 1 95 13 11 39 39 13 47 57 45 48 76 79 80 46 99 86 13 32 85 49 65 66 70 44 1 99 34 88 41 28 41 36 42 4 28 33 70 75 43 15 23 19 94 4 18 45 42 31 77 27 32 43 93 55 39 47 6 25 87 47 6 80 36 0 84 
64 85 54 39 28 22 15 48 16 71 66 14 13 49 91 93 33 86 86 40 78 33 47 3 72 46 9 52 82 61 37 98 47 43 90 75 65 5 75 34 28 93 48 41 42 91 34 28 30 73 20 8 58 67 63 31 66 25 35 0 86 72 99 33 68 89 9 33 46 36 19 74 30 67 67 24 11 54 52 41 79 25 49 89 92 12 72 10 37 8 11 76 80 10 9 0 51 70 34 49 
7 5 75 37 73 42 13 84 48 66 77 27 91 78 69 35 42 41 98 80 49 9 8 30 71 17 82 74 40 68 23 47 74 98 36 47 92 49 83 93 67 12 72 10 90 41 98 32 83 96 64 32 57 72 14 28 42 97 54 82 65 29 81 39 79 17 38 71 18 73 16 86 85 89 48 75 30 46 8 65 94 72 98 51 97 64 31 39 13 37 21 79 66 2 70 45 71 61 69 89 
34 85 27 20 26 76 47 57 74 7 74 21 32 24 24 29 89 8 68 2 45 41 33 12 43 56 57 14 17 78 55 51 64 83 23 90 11 23 99 37 30 74 58 14 50 35 43 39 43 63 94 88 4 79 52 99 35 62 65 4 40 21 8 4 56 83 47 67 6 46 56 89 72 67 3 23 2 47 14 45 62 60 85 67 92 90 66 79 52 32 84 44 5 92 49 61 75 48 80 34 
46 36 23 71 3 78 46 5 77 12 2 40 25 40 59 17 82 77 96 34 61 32 30 66 76 31 79 4 79 59 38 26 96 13 49 51 43 95 9 21 7 63 61 32 55 72 49 37 49 98 23 11 30 54 29 59 85 9 63 65 68 1 43 16 66 92 20 9 87 29 30 46 44 43 79 0 67 80 89 17 30 13 80 13 67 9 72 4 18 35 69 39 88 64 7 6 8 79 15 95 
60 98 94 5 93 25 57 61 57 46 30 88 59 10 1 78 71 25 83 42 12 4 33 0 69 40 58 77 72 73 25 32 23 19 37 69 96 46 30 53 93 12 41 52 74 94 83 45 19 66 87 83 70 20 35 39 13 93 69 37 19 94 69 42 65 59 11 61 5 93 14 50 5 8 55 79 2 38 77 74 4 16 57 74 89 93 66 54 38 35 91 57 81 60 0 46 71 63 7 29 
9 73 79 66 81 34 46 36 72 75 10 76 91 19 3 80 64 21 34 3 56 25 12 37 38 12 35 61 28 94 90 37 67 70 3 1 4 1 37 29 76 99 57 20 18 60 0 35 81 87 90 89 64 2 78 54 67 13 16 95 59 6 84 27 28 39 80 33 41 17 14 69 16 71 41 86 32 42 73 65 81 15 7 97 18 85 52 85 51 68 32 10 74 16 89 3 7 69 88 48 
38 54 70 6 25 11 45 9 5 18 27 86 34 34 84 4 19 36 41 22 56 73 33 82 41 74 37 48 96 25 49 34 31 19 41 57 30 38 66 88 8 45 74 42 79 10 98 51 98 39 73 54 64 58 37 57 85 26 58 81 52 7 15 35 78 8 92 60 46 11 48 7 56 75 49 88 85 0 39 36 39 64 42 56 23 31 13 60 58 71 41 62 30 8 97 8 69 90 69 67 
53 17 74 9 92 76 97 30 76 88 66 67 53 8 23 28 92 89 88 50 60 81 12 91 89 9 99 58 51 20 26 56 38 0 66 82 76 15 12 4 56 30 72 61 91 47 89 83 36 29 33 97 10 97 40 99 58 39 10 10 60 36 66 50 88 84 32 17 52 97 21 60 27 93 21 18 93 10 53 29 91 86 26 1 35 66 52 94 58 62 56 70 50 22 20 39 59 4 56 63 
1 29 23 81 75 44 51 68 6 5 97 97 43 76 98 79 94 2 73 52 65 29 74 15 3 46 6 14 3 14 29 4 44 52 37 71 48 89 39 54 94 88 3 89 64 1 68 59 56 93 63 21 74 90 88 30 36 47 44 91 61 74 96 57 78 85 28 27 74 67 81 20 56 85 10 72 38 30 31 46 24 47 67 98 89 8 28 25 55 25 17 16 51 65 74 29 2 2 8 77 
