20 20
2 18 7 7 5 1 18 6 3 8 15 11 6 9 7 14 19 5 2 10 
5 7 3 3 6 18 5 0 7 10 5 10 9 13 17 14 6 7 13 9 
7 0 13 13 10 12 19 1 17 2 11 2 1 14 18 8 4 3 0 12 
5 17 2 14 10 11 1 17 18 6 18 5 6 3 11 8 15 10 9 4 
12 1 19 14 7 17 14 12 12 6 16 17 3 18 4 14 9 17 3 19 
3 13 4 1 17 7 10 4 18 11 1 2 12 0 16 12 9 2 16 1 
8 12 18 12 2 2 18 3 19 13 2 14 6 18 16 15 6 18 12 4 
9 13 6 14 13 15 6 2 9 14 15 18 6 13 2 0 16 0 3 7 
5 5 2 11 15 10 19 1 8 11 17 9 4 16 3 9 11 1 11 12 
15 6 10 13 11 4 13 19 16 16 7 1 13 1 5 9 11 4 2 11 
15 0 0 11 16 16 0 19 9 3 11 17 9 14 10 12 18 16 12 15 
4 11 16 10 12 13 19 15 17 13 18 4 13 18 15 1 6 15 0 16 
18 4 5 19 18 7 12 8 3 16 15 8 7 4 10 19 17 9 6 15 
14 4 11 8 14 7 1 1 14 14 9 5 18 14 4 8 1 8 8 17 
4 4 17 3 0 7 2 17 8 0 4 2 4 16 2 19 15 4 12 9 
18 13 14 8 7 11 8 0 19 16 9 16 12 6 19 12 5 14 2 13 
14 6 8 19 14 10 10 9 6 2 19 4 15 5 4 14 16 4 6 16 
13 16 4 17 14 3 2 12 9 4 5 4 2 13 15 9 16 5 18 2 
7 9 19 14 15 3 8 11 0 6 19 13 14 3 10 9 19 12 1 8 
8 18 4 3 4 19 12 0 4 2 14 3 12 13 17 7 9 17 10 9 
