30 30
2 28 7 17 15 1 8 16 23 28 5 21 26 29 27 4 9 25 12 20 25 7 3 23 26 18 15 10 17 0 
25 20 29 3 7 14 26 7 23 19 27 20 3 23 20 22 19 21 17 2 11 12 1 14 28 28 24 13 0 12 
5 17 2 4 20 1 11 17 8 26 28 5 16 23 21 28 15 10 19 24 12 1 29 14 7 27 4 2 2 26 
6 7 13 8 4 4 9 7 13 9 3 3 14 11 27 27 10 4 8 21 21 12 22 20 26 22 9 22 16 11 
18 22 18 2 22 22 28 23 29 3 2 24 6 8 6 25 6 8 22 14 29 13 26 14 3 15 6 12 29 14 
15 18 6 3 12 20 26 10 13 17 5 15 12 11 15 10 29 21 18 21 27 9 4 16 23 29 1 21 11 22 
5 26 10 3 21 14 23 9 16 6 27 21 13 1 25 29 11 24 12 21 15 10 0 11 26 16 10 19 29 13 
11 27 9 14 0 22 28 16 2 15 14 21 6 20 22 23 19 25 17 23 8 24 3 8 5 21 16 15 10 16 
28 14 5 29 28 27 22 18 13 16 25 28 7 24 10 29 17 29 16 5 14 24 21 18 24 27 1 11 4 4 
19 25 18 24 24 8 21 8 18 27 24 14 17 23 0 27 22 17 18 0 14 2 24 6 12 19 25 14 22 29 
18 3 24 28 27 11 28 10 19 16 29 6 22 16 29 22 5 14 2 23 14 16 18 9 14 0 20 9 6 12 
9 24 15 25 14 4 6 4 6 26 13 6 24 27 14 23 12 12 29 14 5 14 22 23 15 29 16 5 8 22 
17 9 9 24 5 23 28 11 20 26 29 3 24 23 0 9 9 12 21 8 18 18 14 3 4 29 2 20 4 2 
4 13 12 13 7 17 29 27 20 19 24 20 14 18 5 6 19 14 19 2 15 29 13 29 2 17 29 4 29 25 
7 3 9 11 9 8 20 8 28 10 19 14 22 3 2 20 9 14 4 20 16 11 20 21 11 14 8 10 11 29 
27 18 3 28 21 12 7 11 12 27 13 1 11 28 4 5 18 5 19 14 26 28 26 8 19 7 22 20 9 3 
19 6 13 14 5 4 26 4 7 0 1 21 1 4 19 27 9 29 3 21 13 29 19 9 7 8 16 29 20 17 
25 10 16 8 24 21 5 13 17 12 13 10 25 7 14 6 4 15 5 7 6 19 28 25 20 5 26 29 27 16 
16 22 18 2 22 13 15 27 18 24 2 23 4 19 0 10 26 5 18 23 4 24 4 3 12 25 0 0 24 27 
8 2 11 27 5 4 2 12 23 12 7 17 5 3 7 28 6 25 25 24 18 29 10 23 2 14 10 25 14 4 
22 15 28 26 4 25 22 28 8 7 10 7 25 7 10 24 5 8 19 0 24 29 0 5 14 24 11 24 19 18 
20 4 3 11 0 7 6 22 5 14 29 7 21 16 14 24 10 20 2 21 20 27 13 12 24 27 29 5 14 18 
15 26 14 18 7 6 17 14 28 14 20 20 21 12 28 6 28 1 18 0 22 0 19 27 13 5 25 12 3 1 
22 18 19 29 7 27 5 16 11 4 1 23 16 14 5 14 20 25 7 0 26 0 1 7 19 6 13 6 18 8 
7 2 26 27 1 25 16 7 12 19 3 13 12 11 27 10 17 10 5 25 10 1 17 3 1 6 9 6 13 19 
14 20 22 10 9 15 6 25 14 18 14 17 23 19 20 12 29 8 22 4 3 25 6 20 20 29 26 0 5 9 
19 11 22 3 21 23 11 19 19 25 29 25 5 22 14 25 27 13 25 19 18 28 6 16 18 27 7 7 19 12 
16 0 23 0 26 6 24 7 26 5 24 25 0 21 10 7 9 7 12 4 18 22 3 17 0 13 6 7 20 25 
11 29 17 26 29 13 3 23 12 21 28 29 8 21 20 10 20 21 9 2 26 28 25 21 7 25 26 13 3 17 
0 6 8 9 3 7 23 28 23 27 19 13 26 19 26 9 0 16 22 9 11 18 29 6 1 6 23 28 11 18 
