40 40
22 38 27 27 25 1 18 26 23 8 15 31 26 9 27 34 19 5 2 10 25 27 23 3 26 18 5 20 7 30 5 30 29 33 17 14 26 27 33 9 
27 0 33 13 10 12 39 21 17 2 31 2 21 14 38 8 24 3 20 32 25 17 22 14 10 31 21 37 18 6 38 5 6 23 11 8 35 10 29 4 
12 21 39 34 27 37 34 12 32 6 36 17 23 18 24 34 9 37 23 19 3 13 24 1 37 27 10 24 38 31 21 2 12 20 36 32 9 22 36 1 
28 32 18 12 2 2 38 3 39 13 22 34 26 38 36 15 26 38 32 24 29 13 26 34 33 15 26 2 29 14 35 18 6 13 22 0 16 20 3 7 
25 25 2 11 15 30 19 1 28 11 17 9 24 36 3 9 11 21 11 32 35 6 10 33 11 24 33 19 36 36 27 21 13 21 25 29 11 4 22 31 
15 0 0 31 36 36 0 39 9 3 31 37 9 34 30 12 18 16 32 15 4 11 36 10 32 13 39 35 17 13 18 24 13 18 15 1 6 15 0 16 
18 24 5 19 18 27 32 28 3 16 35 8 27 24 10 19 37 9 6 15 14 24 31 28 34 7 21 1 14 14 9 25 38 14 4 8 1 28 28 37 
4 24 37 23 0 7 2 37 8 0 4 22 24 36 2 19 35 24 12 9 38 13 34 28 27 31 28 20 19 16 9 16 32 6 39 32 5 34 22 13 
34 26 28 19 14 30 30 9 6 2 19 4 15 5 24 34 36 4 6 16 13 16 24 37 14 23 22 12 9 4 25 4 22 13 15 29 36 5 38 2 
7 9 39 14 15 23 8 11 20 6 19 33 14 3 30 29 19 12 1 28 8 18 24 23 24 39 12 20 4 2 14 3 12 13 17 27 29 17 30 9 
24 10 34 38 5 16 19 24 29 12 5 29 23 29 12 7 29 24 19 25 27 33 29 31 39 38 10 28 8 0 29 24 2 23 22 0 39 34 24 20 
6 21 10 21 11 14 28 0 31 39 17 18 33 38 1 32 37 11 12 37 3 1 21 38 24 35 38 15 29 14 36 28 36 38 9 7 12 30 39 3 
29 16 13 14 15 14 6 4 17 10 1 21 11 14 19 27 9 9 3 31 23 39 19 19 37 28 26 9 10 17 5 0 26 18 14 1 25 13 37 2 
23 30 15 27 4 26 14 5 35 17 36 19 8 15 30 5 36 9 7 6 26 12 38 12 22 13 5 7 18 34 2 33 24 9 20 20 36 35 18 23 
4 14 34 13 22 25 10 10 34 17 8 12 21 7 25 4 12 22 3 22 17 37 15 33 7 28 6 35 15 24 18 19 30 13 32 4 30 35 14 24 
12 15 28 26 14 5 22 18 28 17 0 37 15 7 30 14 35 28 9 10 4 19 30 35 24 14 31 14 9 38 30 14 13 11 0 27 16 22 5 4 
39 37 1 6 4 24 20 0 12 21 10 17 33 32 4 17 39 35 24 8 25 6 14 38 17 6 17 34 28 14 30 20 11 32 18 16 8 31 8 20 
12 10 29 37 3 25 15 2 13 31 2 38 29 9 37 7 15 6 1 4 21 23 16 24 15 34 0 15 17 0 36 30 11 17 19 6 3 26 8 8 
17 2 6 7 11 35 6 27 2 39 23 23 22 31 7 30 17 0 5 35 0 1 17 3 11 36 9 6 23 9 14 0 12 20 39 15 16 5 34 18 
4 17 33 19 0 32 9 18 32 14 13 25 16 30 20 19 26 30 25 9 39 31 2 3 11 33 11 19 39 5 29 35 15 22 14 15 7 23 25 39 
38 38 16 6 28 37 17 7 19 2 16 10 33 10 6 36 4 17 16 35 14 5 30 21 20 37 29 27 12 14 18 2 13 27 0 33 16 17 0 35 
11 9 37 36 19 3 33 23 12 1 18 19 38 1 0 10 30 21 29 2 36 8 5 1 27 5 26 3 23 27 30 26 28 19 23 7 23 8 23 27 
9 33 6 39 26 39 10 16 12 39 11 8 39 16 1 26 13 28 21 28 7 3 15 27 23 30 34 38 38 9 25 39 35 24 38 21 15 0 30 27 
32 1 28 31 9 29 10 14 9 23 3 8 27 10 35 2 0 22 0 30 31 17 29 18 1 27 32 16 20 14 36 12 15 24 35 16 13 37 22 15 
13 25 23 0 27 19 34 19 1 34 9 24 3 38 3 5 18 35 13 38 9 9 2 16 33 29 24 39 27 6 14 32 24 37 24 3 16 18 23 17 
4 32 2 7 31 37 4 1 24 18 31 25 19 33 33 5 14 17 4 33 15 10 25 31 7 9 35 16 27 18 25 23 10 19 31 33 16 35 26 32 
5 17 17 17 2 2 22 17 11 18 10 27 28 28 18 27 37 13 35 17 23 21 0 34 32 23 19 1 19 6 33 16 15 3 33 18 5 7 27 9 
25 29 36 5 17 6 25 7 12 12 24 35 25 16 21 18 0 33 19 19 31 4 27 6 39 13 16 37 20 3 6 38 33 34 35 2 0 20 9 4 
33 33 0 18 10 13 28 10 6 39 21 29 4 8 36 3 13 12 32 34 8 38 32 1 32 27 3 25 0 5 29 25 38 21 3 0 35 24 2 33 
23 15 23 27 16 11 23 29 15 15 23 23 6 15 16 38 35 12 15 35 17 5 20 7 26 15 8 13 39 2 39 23 18 14 2 34 17 17 23 32 
33 7 16 31 14 24 29 1 36 5 36 13 2 8 21 20 16 21 26 7 23 17 22 1 31 25 35 0 2 19 32 27 18 0 18 24 17 0 26 13 
37 14 19 31 15 32 11 31 13 29 30 28 6 13 30 29 30 17 29 24 28 14 4 38 6 14 23 23 14 9 29 3 23 8 34 38 0 38 21 5 
27 12 33 26 17 15 15 7 33 37 31 13 11 35 4 17 10 27 33 16 36 22 12 11 30 38 2 22 28 23 27 16 35 20 2 4 36 9 11 21 
6 35 26 17 30 30 27 32 17 12 1 5 34 5 17 16 3 11 38 32 34 25 0 22 37 34 26 33 3 30 6 10 25 33 19 7 23 38 32 33 
2 33 30 28 38 39 4 33 10 34 25 5 11 25 19 9 11 5 34 15 35 1 17 20 34 28 28 9 19 12 34 21 5 25 10 35 24 6 28 35 
1 6 32 4 23 11 13 35 8 8 2 4 1 19 16 27 39 36 36 18 8 23 0 5 8 2 0 24 8 21 11 1 19 35 6 2 38 11 29 7 
11 31 3 12 2 19 39 2 8 36 20 8 11 12 14 11 14 6 27 15 19 39 8 38 26 14 1 25 18 22 32 29 14 35 2 16 6 1 18 6 
29 39 15 0 11 29 11 18 27 39 33 7 30 1 5 8 8 38 33 26 21 25 7 27 12 9 3 11 11 14 17 32 5 32 33 8 13 36 26 1 
27 11 0 9 5 37 18 5 28 11 23 1 29 30 28 33 0 23 4 3 37 14 27 2 38 12 3 12 9 29 5 28 33 37 30 38 34 8 3 14 
11 26 15 32 16 35 18 8 19 14 3 8 28 31 3 27 3 6 31 4 27 28 33 20 25 15 18 11 15 21 26 18 39 1 3 8 37 21 16 16 
