50 50
32 38 7 27 35 31 48 6 43 18 15 11 26 19 17 24 49 35 2 0 5 27 13 43 16 8 5 20 7 30 5 40 19 13 17 4 46 17 13 39 37 30 3 13 0 22 39 1 7 42 
1 12 21 14 8 38 24 13 10 32 45 17 22 14 30 41 21 27 8 36 18 45 16 23 11 18 45 0 19 4 42 21 19 14 37 27 4 12 42 16 46 37 33 18 4 14 9 27 43 19 
13 13 14 31 37 27 0 34 28 21 41 22 42 10 36 32 39 42 46 31 8 42 18 42 12 22 8 23 49 3 42 14 16 8 46 5 36 48 42 14 19 33 36 14 43 25 46 32 19 44 
15 28 36 33 22 0 6 30 23 7 35 15 22 1 25 20 9 11 18 1 27 39 34 16 3 29 41 1 11 12 45 26 40 33 11 14 33 19 46 6 27 31 23 1 35 49 21 44 12 41 
45 40 30 31 6 36 10 49 39 23 11 37 49 4 20 12 18 6 32 15 14 11 46 40 12 33 39 35 27 3 28 24 43 8 5 1 46 15 0 36 38 14 25 39 18 47 2 38 3 36 
5 18 47 4 10 9 37 49 46 15 4 24 41 48 34 47 1 31 14 4 19 5 18 44 44 38 41 48 28 47 34 34 17 33 40 27 42 27 28 40 44 32 14 36 32 49 35 34 32 49 
38 3 4 8 47 1 48 40 49 26 39 36 12 6 19 2 35 14 32 13 4 26 48 19 14 30 20 49 16 2 49 4 5 5 14 4 6 14 46 6 43 36 44 7 44 13 12 32 29 44 
45 34 22 43 5 39 26 25 38 42 27 39 49 34 45 13 38 1 30 36 9 23 24 3 30 19 19 42 1 48 38 48 34 13 44 39 2 20 14 42 14 43 32 13 27 27 29 17 30 9 
4 40 34 28 45 16 49 14 9 2 15 49 3 49 12 47 39 14 19 5 7 33 49 41 49 28 20 28 48 0 39 4 42 23 32 40 39 34 4 0 36 21 0 41 21 14 38 10 31 9 
17 38 43 18 31 42 47 1 22 47 3 11 1 48 34 35 38 25 19 44 26 8 16 28 49 37 42 40 49 23 49 16 13 44 35 44 36 34 47 10 31 1 21 34 49 7 19 39 33 41 
33 9 49 49 37 48 36 29 40 37 5 40 6 18 34 41 15 23 27 12 33 10 15 7 44 16 14 15 5 47 6 39 8 5 40 45 6 29 27 46 16 32 38 22 2 23 15 17 48 44 
32 33 4 49 40 0 16 5 18 23 4 24 14 13 32 5 10 40 34 37 38 2 21 27 25 24 2 42 43 2 37 27 35 43 27 28 46 45 35 14 18 39 40 33 2 24 40 15 14 24 
2 5 28 26 34 5 2 38 48 47 40 37 25 27 30 4 5 28 49 40 44 19 30 35 4 34 11 44 49 28 20 4 33 1 30 17 6 32 5 4 29 47 41 6 24 24 10 30 2 11 
20 47 33 2 34 37 39 45 34 38 25 6 44 8 7 26 27 14 8 34 20 40 31 12 48 6 38 11 38 40 22 10 39 7 13 25 45 2 23 31 42 48 39 39 7 47 15 36 11 24 
21 33 16 4 45 14 10 35 27 0 26 0 11 17 9 26 43 6 28 18 37 22 16 27 11 25 26 27 12 39 3 33 22 21 37 20 37 0 5 15 0 31 17 13 1 26 39 46 33 19 
14 20 42 30 49 5 6 25 34 18 14 37 3 39 10 42 9 48 42 14 13 45 46 30 10 49 6 0 45 39 19 11 12 13 41 13 21 49 39 5 19 5 45 22 44 5 17 3 5 9 
18 18 6 16 48 17 17 7 19 12 46 40 23 10 6 16 24 27 16 15 34 35 20 31 10 17 39 27 22 44 38 42 13 47 10 13 16 27 20 35 41 19 27 16 29 33 33 3 12 1 
18 49 38 41 30 0 10 21 29 32 16 18 25 31 17 35 46 33 13 17 20 6 38 49 23 17 33 8 23 47 9 43 46 49 36 29 0 46 2 29 31 18 49 6 1 16 43 48 1 8 
17 23 15 7 23 40 24 8 48 49 5 9 45 4 8 31 35 10 30 37 42 11 8 41 19 9 10 14 9 13 23 28 37 40 35 12 30 12 20 30 11 27 39 8 31 47 42 16 10 24 
6 2 35 14 45 6 23 7 22 35 23 45 13 10 37 49 24 19 11 44 49 24 23 38 33 5 38 25 23 48 49 29 2 36 43 49 44 19 7 16 4 32 14 17 44 3 16 18 23 27 
14 22 2 37 11 37 44 1 14 18 1 15 49 3 3 45 4 47 14 13 15 20 45 31 37 39 35 6 7 8 35 23 30 39 11 43 26 5 46 42 25 47 7 27 2 12 22 7 11 38 
20 27 8 18 8 47 7 43 5 17 3 41 40 34 32 3 29 11 9 26 3 36 25 13 13 28 25 37 37 39 25 9 16 35 27 26 35 37 22 42 4 25 35 46 11 18 0 43 29 9 
21 34 47 46 49 13 26 27 0 13 16 28 23 34 15 2 10 0 39 34 43 43 10 28 40 23 48 40 16 29 1 39 14 48 36 13 13 12 42 14 28 8 42 1 42 7 3 5 10 45 
39 5 38 1 33 30 25 34 22 43 13 25 33 27 26 21 43 39 35 35 3 13 46 45 16 38 5 22 45 15 17 35 20 7 36 5 38 13 39 12 9 3 38 44 32 14 17 27 3 2 
13 7 16 11 4 34 49 11 6 45 26 23 32 48 31 20 6 21 36 47 33 47 2 21 41 35 35 10 12 39 12 27 48 30 38 4 17 40 16 23 37 44 49 21 45 32 41 1 3 29 
0 38 26 3 10 19 40 47 29 4 38 44 34 38 26 24 43 43 14 9 19 3 3 18 24 48 0 18 1 5 47 2 43 26 7 5 45 47 3 27 1 43 21 35 34 47 10 27 43 26 
36 12 32 41 30 8 42 32 28 43 37 26 45 30 2 4 36 49 1 41 26 5 36 47 40 20 47 2 47 42 31 35 4 15 27 36 23 21 18 2 14 5 30 12 37 34 16 23 33 20 
16 10 25 3 9 17 23 8 22 23 2 3 10 8 18 39 44 43 10 14 45 25 21 25 39 9 11 5 34 45 25 1 7 0 4 18 18 29 29 42 4 31 45 15 40 15 4 36 8 15 
1 6 42 24 33 31 33 45 38 18 42 14 21 49 16 27 19 36 6 48 28 13 30 25 28 22 40 34 8 1 1 11 9 45 36 42 28 21 39 17 41 31 33 12 32 49 39 2 38 46 
0 18 11 32 44 41 4 36 27 15 39 29 28 48 26 14 41 5 38 32 22 29 14 5 42 46 6 31 48 46 29 49 15 40 31 9 31 38 47 9 3 37 40 31 35 18 48 28 23 36 
11 45 17 27 2 9 23 11 41 24 7 22 25 22 13 8 33 46 46 31 7 1 20 49 35 7 18 35 38 41 23 1 39 40 28 43 0 3 4 43 27 14 17 2 38 32 13 22 29 9 
5 38 13 27 40 48 34 8 33 24 1 6 25 42 46 5 38 48 9 44 43 38 8 11 43 47 43 6 21 24 17 28 13 30 5 5 28 41 15 11 16 18 19 41 13 18 47 1 16 6 
45 10 46 6 23 39 3 16 45 26 41 15 4 6 45 9 13 24 0 28 37 16 46 7 10 9 25 7 12 43 15 8 5 11 14 28 3 19 47 0 45 40 15 1 48 11 10 11 37 12 
41 24 31 37 33 41 49 10 0 11 6 17 21 11 30 37 42 33 8 41 36 5 31 1 6 29 14 18 42 1 33 33 28 14 22 13 7 23 26 7 37 32 24 8 45 4 48 39 40 6 
30 26 14 11 29 20 42 46 41 34 47 24 19 27 38 42 43 45 17 19 4 4 1 30 15 48 34 15 38 26 21 18 4 37 30 34 8 24 30 1 11 29 25 30 9 13 24 2 10 42 
21 16 46 24 46 13 24 32 28 12 9 2 31 13 39 13 49 49 37 31 0 48 11 25 31 22 40 5 24 2 47 47 18 46 23 14 9 47 49 38 10 8 40 43 23 31 8 23 31 45 
6 31 46 17 7 29 41 47 34 17 0 34 14 20 30 39 35 41 37 34 29 49 44 21 42 19 3 0 42 34 47 49 17 45 18 24 24 12 24 9 29 26 43 44 46 25 35 33 16 22 
19 48 21 15 21 15 35 26 15 27 12 15 28 30 10 49 6 37 11 30 46 40 6 41 36 5 18 22 40 36 46 10 34 18 25 8 35 10 34 3 40 47 18 20 29 30 19 35 17 32 
16 15 25 24 8 11 31 26 35 22 13 34 32 49 4 9 7 39 22 42 42 12 41 10 32 20 43 4 5 10 36 23 26 13 0 34 25 33 13 12 5 28 46 39 27 0 49 35 42 23 
29 34 35 22 47 19 42 40 23 49 0 12 25 28 25 27 15 2 10 28 17 18 6 13 7 35 16 8 22 10 31 1 44 18 25 43 38 19 33 11 19 36 25 46 16 1 25 33 3 35 
11 20 3 19 36 13 5 4 23 29 14 5 33 10 23 8 6 13 28 41 25 49 29 2 47 46 3 22 29 9 7 43 31 13 14 19 26 21 25 1 1 41 6 34 2 32 42 8 45 20 
1 22 21 31 25 18 27 30 40 8 39 0 1 23 13 18 42 41 39 18 42 40 11 1 26 13 35 19 23 30 41 25 5 15 6 32 33 35 12 24 45 4 26 49 29 39 17 21 32 6 
41 26 49 3 29 25 18 14 46 44 47 40 21 2 5 29 34 38 14 48 14 9 4 40 10 33 31 27 5 15 34 48 44 35 3 23 12 24 38 9 18 35 1 39 37 6 18 23 46 34 
21 13 45 28 5 6 11 39 35 16 4 21 17 48 6 20 24 19 44 12 30 14 47 31 5 36 39 25 11 35 9 34 0 7 12 6 15 24 45 0 42 1 22 9 2 28 32 26 49 28 
38 31 45 37 12 0 25 1 26 36 39 37 20 39 44 33 47 9 7 42 12 1 46 34 11 48 14 45 26 16 25 14 47 20 3 10 21 28 13 49 16 4 36 36 44 31 21 41 42 30 
36 6 32 32 40 45 32 7 40 8 23 17 24 22 38 29 34 11 7 48 10 25 4 46 11 0 29 35 44 24 15 30 30 49 14 23 44 48 30 36 6 5 4 32 27 44 11 12 7 20 
12 17 45 16 15 8 17 45 43 11 21 11 43 1 10 9 24 7 7 4 43 13 11 49 45 39 45 6 1 2 28 13 19 23 31 37 31 48 32 27 11 3 40 4 6 0 13 31 9 20 
37 3 35 49 4 32 40 0 40 43 2 18 8 24 41 39 11 25 40 45 4 1 0 44 6 6 46 21 39 6 44 27 11 29 28 17 12 18 17 4 13 22 23 21 46 16 10 7 43 0 
4 47 4 4 43 12 10 42 33 0 48 27 29 11 9 7 28 23 27 48 27 40 20 2 13 18 19 23 27 12 26 31 10 30 35 5 42 45 47 27 47 47 7 26 10 18 35 39 41 12 
39 20 4 11 23 17 29 42 43 8 6 19 39 18 1 24 24 45 21 21 22 19 19 31 47 29 49 33 20 40 45 11 13 2 22 38 19 3 32 12 11 38 33 0 7 34 26 31 29 0 
