75 75
22 51 33 28 11 58 39 48 16 60 34 39 50 6 44 31 54 48 25 49 71 48 6 60 49 39 49 23 48 15 42 71 6 75 23 18 73 2 6 13 62 41 69 52 47 37 23 41 9 48 31 21 37 37 5 10 0 70 33 49 9 15 60 16 15 23 50 28 25 56 42 27 21 51 3 
8 28 42 50 54 14 5 75 67 58 20 1 58 14 50 47 40 66 47 72 21 70 46 49 19 42 31 46 4 6 65 12 35 47 2 13 2 23 28 69 5 48 71 4 2 45 51 42 51 23 38 72 33 24 46 69 67 17 55 11 24 61 23 75 32 42 28 34 65 56 28 11 28 39 15 
30 24 6 13 0 45 67 12 3 16 74 72 23 16 67 50 56 52 73 55 9 55 7 43 61 63 11 72 31 50 27 1 75 49 30 15 19 22 27 38 54 26 50 1 58 41 67 38 18 4 17 27 60 40 10 45 27 38 57 74 12 24 15 27 73 46 58 32 68 10 70 46 52 44 63 
34 26 54 72 44 58 29 11 58 69 37 27 36 75 24 34 28 64 49 71 2 19 70 34 27 20 29 73 72 13 0 46 39 54 58 23 53 11 50 35 4 28 3 56 43 43 30 71 32 19 7 34 55 1 68 6 21 37 4 33 67 20 3 46 75 61 10 52 12 60 27 32 28 30 12 
72 74 42 7 30 61 14 4 40 31 12 63 68 66 7 25 57 27 44 43 42 45 53 34 57 54 62 29 6 16 41 18 30 23 26 0 25 40 4 5 12 33 68 4 23 15 46 20 43 30 63 9 16 57 44 73 51 30 43 73 62 24 16 17 64 42 33 13 22 38 34 50 71 43 55 
34 58 41 54 41 11 57 51 27 38 35 41 29 5 8 27 67 32 59 24 20 25 58 49 63 36 24 38 47 7 33 5 65 74 59 47 9 40 22 37 19 73 2 48 2 26 15 69 58 74 34 19 23 16 8 27 68 32 65 39 39 22 44 45 20 43 16 45 23 54 22 42 51 40 31 
53 66 46 62 65 45 20 24 8 52 32 35 60 5 24 23 60 62 7 45 22 50 61 68 14 55 30 56 30 71 27 23 1 74 10 66 59 46 30 7 39 63 59 23 8 23 63 68 10 70 38 32 61 39 40 75 19 11 71 65 22 23 13 23 37 39 30 36 9 60 59 64 63 42 12 
71 6 75 64 16 9 42 64 70 5 45 69 40 72 5 30 18 28 43 41 5 6 11 41 31 12 24 20 75 7 32 71 13 47 75 45 56 41 33 51 62 18 60 27 14 65 57 32 33 24 14 38 46 41 3 1 53 44 21 53 51 53 64 64 40 63 49 21 44 6 12 46 41 12 73 
71 18 70 44 51 34 58 30 4 39 49 22 17 17 43 70 8 37 74 12 1 61 61 38 45 8 50 15 65 3 29 60 21 23 28 12 74 26 42 2 66 16 24 7 49 8 17 74 45 15 10 62 16 12 25 61 20 15 16 9 18 61 9 55 25 38 68 23 64 50 41 54 6 6 1 
72 14 18 70 75 49 20 61 65 32 26 66 68 42 23 17 0 8 27 56 49 65 64 72 69 54 54 64 61 60 65 73 14 24 67 13 13 27 14 19 0 41 9 68 23 48 26 23 57 53 19 30 58 7 43 51 62 21 55 63 21 61 60 51 9 67 64 38 34 18 57 34 59 67 43 
22 55 69 46 36 62 65 7 44 13 66 35 15 27 15 2 64 0 2 39 25 9 43 3 43 61 61 2 61 68 61 7 47 54 53 24 40 59 47 24 72 37 75 11 4 30 29 68 30 47 31 71 56 74 75 39 75 0 57 60 68 42 68 55 36 61 3 0 60 50 40 56 27 40 7 
31 10 52 23 41 23 70 52 19 68 67 59 68 67 40 68 75 23 0 55 59 62 74 0 46 49 40 43 16 20 66 48 31 43 11 12 6 6 4 42 14 12 41 22 3 21 15 19 44 15 14 28 17 12 28 4 1 8 63 34 45 53 6 16 36 17 44 59 39 48 25 54 60 66 0 
4 11 31 39 56 63 53 24 20 5 68 24 23 0 11 57 61 5 3 1 41 36 61 40 0 34 65 70 34 55 10 54 7 42 17 3 45 10 27 65 32 19 30 71 35 57 68 21 62 71 38 44 31 24 8 47 74 74 41 32 69 52 27 0 18 60 19 3 11 46 68 59 65 22 54 
25 4 62 62 6 57 24 50 28 48 75 0 62 13 57 19 6 33 62 23 67 46 42 70 57 29 63 40 18 25 34 59 45 20 61 52 17 10 42 46 74 41 62 61 54 43 20 1 1 6 40 8 68 22 3 66 51 6 30 10 31 5 9 1 25 71 69 59 21 35 45 19 17 31 20 
11 14 40 28 31 62 68 40 55 31 43 45 22 49 15 48 20 20 74 37 62 9 30 61 30 6 30 65 23 61 10 34 15 50 63 47 37 71 27 16 42 70 1 5 59 16 53 19 53 51 57 55 60 11 40 30 33 70 20 56 71 30 31 10 4 34 73 57 45 24 73 12 34 14 17 
17 31 10 37 24 2 34 3 62 61 59 33 19 53 53 15 64 7 46 74 27 4 12 9 50 36 22 2 71 37 35 28 8 45 5 48 47 39 67 50 25 50 7 60 43 0 75 31 23 62 45 50 66 57 75 56 34 38 74 29 75 33 57 23 3 63 71 66 42 2 56 7 52 3 67 
19 3 7 66 26 69 51 17 75 49 16 56 7 70 54 36 69 12 33 32 31 36 43 37 3 45 18 10 37 21 18 72 41 41 62 7 34 38 40 33 27 73 13 34 67 8 10 1 36 43 33 7 20 17 44 23 62 2 49 24 40 7 20 5 48 23 28 6 1 69 56 28 66 9 62 
57 17 72 58 69 55 32 0 75 49 61 38 35 63 28 75 27 35 36 48 24 59 1 46 0 10 26 28 0 36 30 73 69 26 56 63 21 12 3 37 1 64 75 52 52 27 52 19 3 28 68 43 27 9 13 27 19 56 55 19 32 25 16 25 67 12 28 12 40 32 49 41 36 49 18 
12 16 10 32 35 54 40 2 5 49 32 48 68 12 43 27 44 68 59 69 59 12 38 71 52 10 61 34 46 34 68 75 66 18 47 42 72 11 44 17 0 0 65 8 12 32 35 72 24 34 6 7 46 44 18 39 70 3 13 40 53 5 55 60 39 26 26 51 53 70 68 53 11 73 1 
39 29 36 36 69 11 42 16 57 26 50 36 20 54 49 0 47 70 56 31 33 22 57 8 16 68 16 9 19 13 11 58 58 47 34 67 74 16 7 56 58 58 16 2 52 6 19 23 0 15 55 34 37 52 58 53 44 15 63 3 28 14 2 27 1 36 18 0 69 42 56 51 40 12 54 
16 34 13 39 35 28 34 9 5 11 67 59 71 6 62 15 51 0 17 18 1 53 36 17 46 18 73 38 58 26 32 74 60 45 54 19 73 12 44 2 39 52 1 51 58 3 66 49 19 7 67 37 0 44 54 63 62 68 25 45 18 57 43 18 42 37 54 55 66 22 57 45 74 75 20 
73 18 26 46 38 49 54 15 50 22 9 53 8 1 18 69 35 75 53 54 57 14 32 36 4 70 33 50 69 48 10 6 67 37 68 45 10 46 0 0 8 9 69 33 11 11 26 62 26 3 56 7 18 28 43 38 23 17 28 32 65 39 38 56 16 30 41 42 17 41 59 25 51 52 58 
2 64 9 4 14 28 61 22 62 13 5 25 52 22 53 8 12 32 62 8 48 33 66 31 50 31 14 75 22 66 74 24 54 23 29 69 51 30 31 38 43 36 3 20 75 56 44 27 29 31 51 17 64 41 48 38 73 62 53 19 53 51 60 31 14 29 40 66 59 71 44 26 48 47 62 
47 43 31 14 72 2 65 14 66 31 62 44 44 49 37 3 26 29 63 73 43 32 38 33 15 49 1 58 37 64 60 24 32 15 38 28 33 44 58 23 15 45 7 59 34 45 62 0 74 66 13 57 22 67 31 54 41 32 36 2 37 20 43 69 52 5 37 9 49 20 49 64 5 72 63 
39 57 66 39 55 56 52 53 18 44 8 12 25 56 48 43 17 9 10 10 1 32 48 10 21 8 75 10 13 12 13 52 69 3 31 65 75 23 42 34 7 50 46 48 30 19 16 48 44 42 74 45 74 62 71 20 70 11 46 7 23 59 75 16 3 30 5 2 70 47 52 1 21 23 50 
68 58 6 56 26 48 70 11 63 57 6 23 51 17 69 75 40 68 74 57 71 45 2 14 39 50 66 40 11 29 30 19 11 36 75 53 25 70 64 12 51 11 51 42 44 60 57 9 52 56 6 64 25 8 18 4 74 24 44 10 54 15 45 5 67 45 59 16 55 63 44 46 14 19 28 
59 3 10 68 72 66 14 0 31 38 18 51 37 42 35 63 36 50 32 42 42 17 41 74 72 44 43 42 59 2 71 58 22 5 66 18 11 4 18 58 42 36 33 19 18 68 6 71 59 55 53 25 72 34 23 9 2 6 51 1 9 62 75 31 7 65 49 18 9 7 16 68 59 65 11 
1 74 34 12 57 13 65 6 25 23 45 34 42 52 26 59 1 12 59 32 20 48 21 54 74 28 71 66 27 0 1 44 74 51 57 55 4 46 1 30 10 47 4 52 39 30 51 40 43 34 12 3 23 33 57 21 1 68 11 44 69 28 12 7 4 69 63 8 56 64 54 6 51 59 74 
30 13 49 70 72 24 22 75 47 71 73 8 72 65 35 40 74 63 69 6 7 62 9 32 58 13 10 64 5 69 62 35 23 52 46 19 0 68 35 63 64 32 71 0 37 46 57 52 49 50 58 57 52 7 29 51 20 39 39 25 49 42 1 72 18 47 31 18 55 66 21 43 38 32 60 
0 2 41 52 51 15 50 48 7 57 1 58 17 57 38 59 30 4 60 42 38 31 73 72 10 4 17 70 58 49 54 58 51 19 50 42 50 40 31 73 37 32 56 55 29 34 38 59 38 22 41 0 69 55 12 3 59 29 13 41 2 67 40 69 26 30 35 16 71 6 14 32 55 10 27 
8 44 65 8 22 27 49 38 20 28 50 40 27 3 69 69 21 61 49 14 27 19 65 44 14 72 74 63 51 24 30 75 68 36 7 14 63 57 68 24 9 42 4 37 45 73 46 6 74 35 20 26 54 25 10 9 37 8 12 28 32 42 28 40 18 35 70 22 32 62 46 58 44 66 19 
29 63 5 35 62 56 71 28 34 20 38 59 58 62 71 10 34 54 54 74 12 30 8 34 62 10 4 44 54 70 3 7 74 24 42 60 4 37 28 55 73 66 38 71 52 50 22 10 44 0 24 56 30 32 15 33 58 35 1 36 46 21 43 60 45 25 60 66 2 12 45 75 2 7 71 
70 73 17 4 41 33 44 38 4 16 69 37 74 44 54 50 14 75 17 74 45 58 74 35 60 10 20 75 12 43 10 6 41 43 26 22 1 10 60 5 26 69 58 40 38 36 14 68 36 47 7 21 29 5 72 29 16 32 45 44 75 55 67 40 39 17 3 40 44 3 61 70 73 59 51 
35 19 65 27 71 53 34 32 22 56 44 68 72 0 37 40 0 32 31 56 71 65 75 51 49 3 52 59 0 35 34 51 71 40 18 66 17 69 39 39 49 7 31 61 24 8 41 40 41 13 20 36 18 20 28 67 39 4 50 55 40 9 30 35 49 64 41 6 57 4 61 46 28 33 31 
52 41 73 16 6 10 52 59 44 12 11 35 51 15 9 30 71 34 0 46 23 65 12 29 62 32 31 33 60 64 4 52 29 17 68 52 43 61 51 11 73 2 46 65 33 56 35 29 30 36 15 54 41 27 7 27 60 54 0 60 42 5 37 12 22 45 4 66 30 55 1 44 73 64 49 
30 60 8 75 14 44 15 68 25 58 16 53 58 70 53 43 37 74 20 65 21 65 69 27 36 64 44 20 61 32 69 31 16 17 31 31 2 62 39 27 44 55 4 27 66 74 10 43 72 30 32 17 35 25 60 11 13 29 47 14 61 40 45 18 74 0 65 0 2 28 27 47 24 48 14 
14 46 24 57 42 54 13 0 29 54 60 41 7 29 12 21 15 69 6 49 67 23 38 7 25 6 34 72 30 6 10 44 52 34 41 35 28 54 51 58 48 35 39 55 65 51 16 20 60 23 69 67 46 47 74 71 53 33 68 8 55 18 68 48 69 34 23 37 28 74 19 1 33 58 72 
38 50 13 74 50 36 67 42 6 54 40 1 32 13 9 56 9 44 64 57 37 38 4 74 67 2 34 8 51 32 4 30 22 17 28 73 69 36 39 75 14 19 17 62 33 26 58 58 70 47 39 47 9 59 62 16 1 20 40 68 52 45 22 15 2 51 12 72 11 51 11 41 10 28 28 
59 55 26 41 65 73 20 53 23 3 39 55 20 75 20 13 67 5 35 6 23 26 18 35 53 9 47 19 20 75 63 3 70 13 61 60 27 5 53 66 25 16 45 45 15 5 74 6 10 50 13 50 0 47 9 54 57 56 13 17 56 0 36 50 29 21 50 56 43 27 46 68 59 32 53 
74 37 68 21 64 42 50 38 58 21 47 52 18 28 5 35 24 5 12 14 51 33 5 47 16 32 18 8 32 66 2 46 27 70 67 31 52 41 69 50 3 57 27 21 25 32 73 49 54 9 63 45 58 8 16 75 41 50 23 13 40 41 59 8 51 67 39 27 48 49 18 51 30 61 13 
55 17 10 44 11 35 47 72 33 56 13 48 37 63 72 50 28 53 33 36 29 40 15 72 13 64 14 4 18 75 17 13 33 43 57 60 2 29 57 52 9 70 24 46 73 36 36 25 14 9 1 59 50 33 55 63 21 10 7 56 9 25 69 58 68 51 43 11 4 40 63 29 50 11 75 
47 48 35 13 2 60 30 61 34 63 56 37 9 66 45 65 16 70 58 74 2 49 57 29 53 37 32 22 11 60 21 59 32 72 72 50 57 26 35 31 30 15 69 39 22 38 44 38 48 42 52 66 16 34 36 9 71 68 32 23 52 69 22 24 6 18 74 3 60 49 34 30 5 27 69 
27 5 53 65 69 20 41 60 52 15 20 61 27 28 33 66 5 27 12 29 33 46 44 36 46 33 10 1 38 54 70 65 59 64 70 53 8 52 53 0 7 13 61 50 41 19 40 62 62 52 32 35 22 0 11 69 33 21 70 12 75 4 17 75 68 28 68 16 20 61 16 27 74 18 18 
55 53 58 58 39 51 14 14 73 30 25 6 3 62 16 15 62 21 49 1 29 1 69 62 21 54 18 64 68 52 6 63 29 5 45 8 56 59 22 69 29 47 0 49 50 32 64 36 53 53 37 23 70 46 25 15 24 43 20 32 20 42 19 65 63 65 74 59 64 36 53 34 24 69 7 
74 25 71 50 19 65 27 58 59 73 7 15 37 66 51 69 26 17 12 16 21 17 30 4 6 6 57 40 30 66 47 28 16 58 18 51 47 45 33 47 42 40 62 3 30 37 12 57 70 25 13 15 42 59 20 64 65 17 44 20 8 31 64 40 14 7 15 1 68 64 64 35 44 50 54 
74 27 7 71 38 32 24 69 14 7 29 19 73 47 63 33 71 19 21 35 49 44 66 66 37 70 55 12 38 45 6 52 73 13 64 51 61 12 44 16 36 74 51 33 61 38 6 56 73 43 31 62 28 37 53 65 31 48 17 9 17 23 61 30 53 49 5 54 62 66 70 22 64 45 71 
65 24 17 45 37 60 16 24 12 69 17 17 24 65 50 33 6 14 34 37 67 8 58 45 10 48 56 32 52 25 43 41 49 0 26 27 60 58 51 13 51 8 30 15 13 5 64 19 35 23 72 26 31 71 11 41 43 67 13 36 17 72 17 6 72 44 33 72 42 24 9 18 48 56 49 
61 1 38 21 36 61 17 2 32 12 13 13 72 5 42 48 38 54 65 44 66 49 18 62 16 58 12 50 31 8 23 32 25 61 53 1 62 71 3 34 23 16 63 35 37 45 7 75 23 13 60 13 62 18 16 18 0 44 8 47 68 32 4 17 33 57 18 36 68 21 70 32 53 74 67 
31 43 15 46 7 44 30 36 46 64 52 5 5 36 13 52 28 45 72 61 3 54 3 55 62 40 65 18 34 63 26 65 31 57 35 38 25 6 74 11 70 67 16 75 43 30 68 12 75 64 73 18 58 1 13 45 41 3 63 75 66 29 4 37 10 40 15 51 62 30 3 56 37 19 72 
4 49 64 16 65 68 30 23 51 31 37 36 12 56 39 28 46 69 32 24 19 12 55 11 74 9 14 71 62 33 67 7 23 71 39 12 63 69 51 54 24 28 14 53 8 54 5 71 63 37 35 6 66 14 17 64 40 31 59 26 5 66 33 28 61 73 56 65 66 47 43 31 0 74 8 
24 52 13 35 39 66 70 61 72 25 3 61 65 50 44 31 71 35 65 23 36 2 19 25 68 67 9 39 7 23 47 47 75 0 7 54 7 17 55 3 42 74 4 47 65 49 3 60 24 8 24 0 10 43 26 18 50 51 58 57 74 45 45 13 62 52 7 69 9 62 12 68 1 17 39 
66 6 58 50 46 66 74 46 16 58 12 51 32 3 49 30 1 34 75 30 20 67 37 29 0 40 42 68 41 75 48 31 5 30 21 67 37 20 37 69 18 66 44 50 69 33 20 71 68 35 25 12 26 3 58 43 43 40 51 24 39 23 55 60 70 0 51 31 36 28 40 54 18 9 45 
12 58 5 23 50 41 64 3 7 7 61 66 50 25 42 14 64 65 69 64 59 10 55 30 62 23 71 57 42 20 42 70 2 63 33 69 28 21 72 52 29 57 42 19 6 24 34 10 14 43 14 13 69 69 60 72 16 71 69 74 15 35 8 33 22 41 42 67 3 38 59 48 35 41 7 
57 66 57 67 20 41 21 33 50 30 33 46 63 28 55 61 59 14 10 33 53 51 75 60 70 38 43 42 73 24 66 55 14 47 62 34 12 24 8 3 54 41 49 41 10 45 43 69 59 53 26 52 44 26 52 39 64 19 21 1 60 11 72 74 59 59 33 11 7 57 14 1 38 4 43 
48 49 10 42 48 3 68 41 47 18 17 10 22 53 32 40 37 43 36 35 42 35 8 70 58 5 24 60 44 44 43 16 17 69 58 6 72 67 63 43 25 4 54 64 73 26 28 34 9 4 10 68 40 34 62 38 40 26 38 8 71 5 40 28 74 23 34 70 30 21 54 55 42 48 43 
39 74 11 74 23 16 24 15 72 58 17 34 38 44 13 46 55 18 11 7 33 50 42 43 4 3 21 75 61 9 43 25 7 54 39 47 10 63 2 22 61 20 73 24 4 10 10 59 28 37 6 1 11 64 45 31 68 6 31 53 16 14 18 39 8 57 10 19 60 13 41 62 49 54 26 
69 64 36 68 17 74 74 18 25 63 3 73 71 10 28 64 26 42 23 65 66 20 16 25 5 29 67 7 18 45 33 27 50 69 19 67 7 33 25 49 36 45 46 47 55 14 36 5 56 59 10 62 3 26 12 24 71 19 31 13 4 64 56 54 74 75 61 21 49 27 70 9 72 40 57 
51 54 33 72 50 32 6 37 51 49 49 16 44 8 47 58 12 52 54 67 66 54 52 11 43 3 6 68 15 62 65 66 41 22 2 31 70 25 8 46 74 73 62 42 5 49 40 18 41 19 9 31 13 1 59 56 21 5 48 36 67 54 27 48 16 45 20 11 70 28 73 68 26 75 35 
31 64 75 65 30 34 74 1 47 16 0 43 37 5 32 73 13 10 40 61 26 10 5 53 4 50 66 73 0 65 48 47 70 63 37 40 22 51 41 69 67 58 53 28 3 9 42 16 19 6 18 61 32 39 39 37 13 29 50 13 35 38 1 29 25 38 69 63 13 50 73 5 32 50 49 
36 59 15 68 2 38 10 63 70 50 42 47 3 12 37 33 47 75 34 0 25 72 9 28 9 75 25 30 32 75 20 8 58 51 16 0 13 27 64 24 17 46 11 20 58 49 53 29 48 11 45 13 23 70 42 33 70 7 3 42 7 23 66 65 15 6 66 44 33 70 68 66 40 20 11 
39 69 4 8 57 16 54 11 39 64 69 12 58 0 32 40 7 71 30 13 10 37 3 55 10 13 63 1 69 7 28 32 16 32 57 74 64 51 25 28 39 18 56 38 34 12 2 42 8 49 71 34 10 14 13 36 27 17 53 36 24 21 9 41 54 66 55 42 41 4 10 4 38 7 58 
72 19 61 54 43 34 49 18 60 63 31 36 14 64 14 67 29 35 0 10 29 66 65 12 47 9 38 51 47 45 34 59 5 35 38 64 69 11 6 69 75 54 29 29 42 59 20 71 19 20 5 64 26 10 0 73 19 39 65 6 24 23 66 45 74 28 34 7 39 40 0 54 34 45 8 
1 29 44 72 64 65 18 52 31 28 69 29 48 48 18 70 72 57 60 42 71 12 16 2 68 72 2 46 31 63 70 48 16 39 60 4 44 2 73 75 47 66 44 35 38 2 29 50 59 14 32 70 42 48 72 50 61 14 37 32 2 31 4 18 10 64 39 54 7 36 70 54 26 38 13 
4 41 42 54 40 72 27 35 39 15 31 29 0 62 66 32 64 22 36 22 48 41 1 27 48 37 21 26 3 75 39 23 40 21 2 21 18 45 56 73 60 27 26 61 29 17 33 17 55 70 56 27 35 73 70 23 35 31 49 54 31 12 2 71 49 20 32 67 5 12 64 65 56 31 50 
9 64 8 43 59 18 39 10 69 36 21 16 11 52 65 6 7 17 24 19 66 44 51 74 49 4 2 54 0 33 29 9 37 53 68 20 11 31 47 20 8 68 36 19 60 41 25 68 74 49 27 4 33 18 18 22 38 21 1 38 70 46 64 32 39 56 52 50 28 23 10 36 31 46 71 
16 27 21 24 41 10 51 45 60 9 64 6 64 25 7 26 19 69 30 51 32 27 44 22 71 67 32 31 39 18 42 55 61 3 3 26 14 70 72 74 19 0 20 7 25 44 50 60 37 4 52 10 47 20 32 42 27 5 13 66 39 56 61 25 59 64 51 73 58 63 11 2 3 32 25 
44 0 75 29 53 4 21 63 67 41 36 34 8 57 47 15 20 27 0 45 11 65 37 24 63 40 36 5 44 8 31 12 8 30 57 1 50 2 65 42 43 25 0 68 6 63 7 42 15 7 28 42 12 65 66 16 29 42 21 73 50 52 26 74 23 7 0 73 10 5 55 69 30 71 61 
52 59 8 34 74 32 62 40 60 67 46 0 21 13 22 34 3 14 0 18 53 8 18 51 34 23 46 27 69 42 29 61 25 37 19 23 9 22 3 70 13 65 70 50 2 32 9 22 63 25 40 40 33 58 15 67 21 2 35 30 44 64 31 69 41 50 32 67 12 35 61 26 24 71 0 
43 28 25 65 15 51 45 55 24 27 11 16 64 13 67 34 57 55 65 66 36 55 22 27 68 73 28 34 37 24 34 4 68 0 9 7 67 54 2 15 21 29 47 25 58 38 59 55 33 48 45 10 28 7 37 36 4 66 70 42 30 44 62 22 44 72 45 51 66 47 67 12 17 54 37 
75 33 21 55 6 9 40 16 53 48 70 13 52 0 7 34 30 52 21 52 36 17 21 12 7 8 19 35 25 13 13 41 62 34 36 69 59 0 25 37 64 19 66 41 19 74 15 49 66 36 41 26 69 2 54 17 11 13 52 52 27 65 17 13 39 69 22 39 70 48 0 58 67 66 39 
27 4 55 0 70 31 58 37 25 60 31 58 71 45 34 64 12 40 21 25 19 15 64 58 25 36 74 23 27 5 63 54 9 58 71 20 13 53 73 54 53 44 36 49 13 11 53 41 67 74 67 10 29 71 9 54 31 7 2 58 28 5 53 54 63 64 14 16 57 11 71 34 71 47 23 
9 58 0 66 65 15 57 0 44 68 25 39 23 32 41 22 61 46 15 55 49 3 69 65 60 20 0 18 15 48 42 40 46 58 31 36 73 28 52 42 21 1 21 44 49 62 66 50 48 5 29 21 24 22 26 8 42 27 27 58 15 9 22 61 67 53 37 65 22 29 47 43 46 68 11 
20 70 18 70 42 39 40 3 64 62 29 12 45 72 55 43 11 64 65 13 72 59 66 1 21 20 64 64 66 72 75 26 66 33 37 48 73 1 67 1 3 36 13 48 33 69 31 60 73 37 13 69 36 4 10 57 40 74 45 30 70 60 57 0 18 34 64 31 35 55 48 54 16 1 43 
65 10 74 49 8 35 63 17 71 7 44 52 47 42 21 17 53 22 74 53 56 48 42 11 7 21 75 2 53 0 45 42 11 43 32 35 3 35 68 14 42 36 7 29 3 28 46 56 66 61 49 46 33 15 73 57 53 72 59 46 13 28 29 40 71 61 75 14 36 7 45 18 44 52 47 
63 20 17 59 11 18 48 57 52 64 55 33 57 67 16 27 4 60 56 44 71 57 59 26 17 67 71 35 51 47 22 54 67 56 53 18 74 25 0 50 13 71 23 70 62 55 38 7 39 18 51 35 0 51 1 33 42 72 69 33 43 31 11 50 11 64 69 26 13 9 0 43 4 40 53 
