100 100
51 35 3 70 2 55 34 6 79 80 72 50 45 41 85 16 7 15 28 25 20 38 26 47 38 35 64 90 39 90 5 90 25 76 25 94 30 25 66 75 4 38 24 16 45 75 32 18 90 26 10 76 30 36 23 69 71 53 58 9 43 29 66 34 71 91 27 68 83 60 42 87 64 33 69 8 7 0 27 64 27 3 39 57 39 62 92 10 15 49 86 24 45 17 58 15 75 85 83 57 
10 92 9 74 91 79 49 64 45 42 27 38 45 33 62 84 61 53 60 76 69 12 100 13 96 23 95 70 8 44 26 85 35 2 25 25 81 74 55 92 82 83 30 26 82 92 76 42 44 2 18 79 81 84 92 76 7 87 46 82 97 38 32 31 40 57 22 87 97 77 79 78 25 75 70 6 32 46 15 42 14 33 21 95 83 12 70 56 65 15 3 27 54 36 58 60 93 46 47 90 
90 92 33 81 32 3 54 64 49 69 5 63 68 26 23 50 5 93 73 36 8 76 64 28 11 88 54 71 0 0 26 56 58 59 36 90 28 90 19 43 24 25 5 92 17 28 8 89 88 81 92 96 22 21 90 0 75 43 71 75 10 63 30 34 88 33 24 16 89 43 59 13 34 31 4 52 25 79 6 12 25 64 74 48 85 29 48 60 73 85 0 49 13 98 83 0 30 6 83 18 
16 42 98 50 39 69 68 30 47 41 43 73 4 83 87 56 12 34 15 51 85 82 100 98 79 82 98 8 55 47 94 37 89 57 53 94 25 88 23 73 28 32 11 99 15 98 54 27 98 35 78 82 17 43 79 62 91 42 37 45 89 30 48 43 87 1 36 79 89 26 17 83 58 28 81 73 92 1 66 89 36 9 36 19 52 14 82 43 22 18 54 11 14 2 20 67 70 23 45 24 
49 62 6 73 56 53 12 47 54 78 1 57 88 37 42 5 51 23 14 40 7 69 51 88 37 71 55 6 60 100 97 8 28 2 48 84 21 60 98 42 3 99 99 57 36 40 63 53 30 77 93 3 11 43 92 48 81 46 20 6 11 16 82 5 85 29 56 73 89 53 14 92 51 12 49 87 18 78 40 14 54 32 85 32 42 76 80 89 88 67 95 65 49 76 71 0 4 26 73 59 
79 87 17 96 65 66 83 49 9 89 30 63 87 14 61 28 90 7 83 43 74 44 7 89 19 44 89 91 36 27 15 81 80 32 77 44 64 25 60 73 13 90 2 100 70 63 95 59 70 43 68 9 87 75 99 73 86 53 29 21 47 44 2 26 77 45 37 6 70 97 80 49 52 48 14 21 10 75 46 81 18 13 56 4 54 54 43 39 74 72 27 20 16 96 12 59 40 49 65 76 
11 10 24 63 58 4 84 69 80 96 15 98 8 71 68 29 92 11 34 31 83 61 51 65 56 29 23 62 79 55 37 90 65 27 19 23 32 69 58 78 65 39 41 39 9 8 68 67 86 2 98 69 29 14 100 86 44 23 13 89 78 17 78 8 44 63 31 42 32 55 86 97 94 26 1 70 35 70 36 87 38 0 21 67 14 21 18 24 44 32 12 88 49 57 96 59 19 94 68 17 
14 53 80 8 80 82 44 81 51 46 67 55 46 89 21 27 9 40 51 19 38 64 73 87 87 34 11 72 27 79 90 8 99 69 83 78 50 26 24 67 72 91 21 85 45 9 11 54 15 62 39 53 92 11 5 78 46 83 16 39 62 5 47 26 74 96 3 91 21 27 23 60 84 45 44 29 20 55 49 35 16 89 54 75 66 25 52 11 7 34 17 35 39 30 61 80 26 30 70 47 
23 59 6 7 3 16 36 90 71 51 91 54 39 44 28 5 35 46 83 43 81 100 44 19 97 5 65 22 35 0 69 59 60 42 32 29 58 34 19 96 85 9 49 91 20 77 96 55 89 44 64 69 10 8 55 6 13 86 28 14 87 63 39 46 4 71 75 29 71 60 24 56 36 39 46 56 82 7 77 70 17 41 5 27 49 26 100 28 11 94 8 98 57 48 9 27 85 51 22 56 
10 12 78 12 51 90 34 32 63 11 69 80 18 74 74 67 66 73 61 77 67 69 41 90 83 50 16 68 67 39 90 44 17 33 56 69 22 91 67 85 68 35 30 86 75 3 18 6 43 79 84 76 13 91 65 97 40 47 30 74 52 86 17 70 18 73 38 6 63 71 57 97 73 87 82 47 91 100 20 33 78 3 75 92 60 39 54 100 86 84 73 38 69 56 7 53 29 11 59 58 
82 15 55 54 1 36 68 58 2 88 57 46 57 31 3 16 70 57 82 22 40 21 26 75 77 33 27 72 10 52 30 92 33 51 12 35 87 46 59 89 33 83 1 56 13 4 38 50 62 86 72 68 73 64 9 50 97 36 88 73 55 17 30 88 68 42 89 21 88 48 76 87 30 77 8 9 82 46 59 9 99 97 77 71 60 86 20 22 89 75 61 9 92 92 97 26 33 86 47 88 
100 89 40 96 66 49 4 13 61 30 89 59 93 31 30 19 17 16 7 72 91 69 81 83 60 43 75 59 95 88 46 94 76 53 55 7 1 26 20 62 56 75 21 14 6 17 100 23 33 7 61 24 42 7 73 1 50 47 26 45 34 39 4 76 92 60 84 93 86 70 20 7 45 7 88 51 24 88 40 58 61 0 82 2 74 20 70 90 67 96 34 67 0 5 42 92 31 25 50 16 
62 71 90 6 78 77 57 69 64 97 26 24 63 74 26 36 94 62 92 26 24 26 59 24 98 67 16 28 59 32 10 20 2 100 26 47 76 83 15 6 45 7 30 7 47 23 9 6 51 0 99 75 93 57 100 56 23 15 84 48 13 94 68 16 93 94 29 35 42 10 41 87 17 37 60 64 26 35 36 78 2 34 52 61 91 51 17 80 32 0 28 46 61 62 28 19 56 57 54 64 
67 61 51 50 99 77 80 24 79 15 1 81 49 54 41 5 71 58 51 3 25 45 15 86 7 43 4 29 66 25 93 99 86 9 14 50 87 94 75 65 75 42 11 90 62 52 61 33 10 11 2 1 57 17 87 30 26 57 59 92 48 51 56 0 27 70 50 80 29 24 10 70 33 21 59 95 73 19 27 49 30 96 50 53 12 2 83 4 26 7 62 74 25 17 74 52 53 91 31 82 
81 41 17 13 28 76 8 67 61 1 16 58 98 32 10 76 1 60 81 27 33 42 0 58 26 41 9 79 31 6 27 11 13 44 92 7 87 100 75 47 0 57 4 64 89 82 40 56 7 20 83 40 28 50 99 54 57 74 100 88 47 93 65 60 36 56 34 89 21 8 36 22 65 6 86 19 54 92 76 61 11 58 1 40 74 66 60 30 5 59 17 52 51 49 79 54 71 12 42 93 
20 44 81 51 17 32 70 71 24 45 99 35 70 100 41 43 31 1 74 36 60 57 55 78 72 100 98 43 78 5 35 64 50 15 14 33 47 50 70 71 96 68 73 31 33 13 74 64 14 13 67 41 71 88 85 42 53 82 85 30 87 86 94 2 0 7 35 48 23 72 85 18 39 57 49 73 37 90 2 17 2 35 24 39 22 8 82 75 56 32 4 43 18 64 11 85 37 47 32 61 
85 84 45 23 6 61 96 43 50 65 61 18 100 85 58 89 60 5 63 15 37 34 58 21 64 70 6 1 83 4 28 67 88 73 56 95 33 18 3 49 83 64 68 48 15 25 36 75 97 66 90 33 66 14 21 29 50 27 97 99 31 24 31 86 98 87 46 30 71 49 80 53 80 13 1 95 4 3 35 0 69 91 100 34 71 20 30 20 47 26 85 45 51 82 30 14 35 42 10 5 
91 56 25 36 69 93 97 73 96 31 73 65 89 39 65 59 59 61 46 73 88 30 17 4 79 13 18 13 21 28 18 11 85 43 14 19 35 10 93 31 8 31 62 97 70 93 21 96 54 67 68 7 64 51 78 42 30 96 55 51 90 39 28 40 83 42 26 84 19 85 81 27 82 8 90 18 68 10 13 21 44 81 95 74 98 72 82 27 33 36 78 89 41 5 96 90 14 21 74 33 
72 54 60 53 29 49 71 97 25 84 84 35 30 44 8 27 15 90 20 14 92 98 69 33 70 64 22 84 51 62 16 22 16 42 42 11 57 12 7 82 97 57 17 93 0 25 20 82 82 40 96 73 4 30 5 74 61 95 23 11 56 39 0 38 81 42 49 37 20 22 85 16 79 1 76 45 94 62 26 75 68 88 13 72 18 19 11 79 80 34 56 35 73 22 74 19 30 89 22 51 
11 7 33 56 75 8 1 68 70 27 8 38 15 22 76 100 7 88 78 87 21 100 21 61 22 61 46 18 50 69 69 27 76 2 83 16 77 84 85 47 78 59 51 59 47 26 58 54 13 1 6 1 0 95 28 89 55 40 7 71 8 42 98 50 44 47 67 88 97 17 34 40 42 51 99 90 77 56 9 57 23 16 24 24 77 52 79 98 92 86 35 67 28 99 16 38 45 49 25 8 
66 25 48 8 76 47 64 53 69 73 76 93 55 100 83 98 17 61 96 75 47 30 41 41 28 24 45 40 39 71 48 72 62 96 46 38 8 9 57 78 48 32 70 3 98 52 67 81 79 62 55 25 92 63 32 87 53 78 26 92 14 40 63 76 35 8 80 44 84 36 88 32 34 57 1 98 75 68 78 53 30 100 45 88 28 43 40 81 20 32 38 0 72 1 77 74 76 56 17 60 
59 4 58 59 27 59 57 68 93 0 20 89 100 31 43 27 75 83 74 95 15 12 62 53 80 4 26 21 26 9 47 85 13 4 10 6 29 33 74 22 33 95 77 100 92 19 93 66 2 67 27 84 45 89 36 24 93 29 45 18 38 59 70 52 63 80 24 59 12 99 47 11 59 23 10 50 43 3 83 11 70 9 95 14 98 97 4 56 25 15 40 64 74 9 82 3 55 5 28 67 
70 75 79 28 98 55 45 6 58 27 17 94 2 11 74 66 75 44 21 100 60 61 63 100 37 10 2 92 16 97 25 86 71 70 81 35 24 92 41 49 85 25 42 87 36 83 52 77 26 39 77 86 66 5 52 2 16 20 95 32 17 86 84 88 55 30 89 45 88 30 94 72 55 2 24 57 85 42 0 77 81 77 63 47 82 81 15 64 0 76 96 17 61 46 72 15 42 60 27 30 
56 20 68 77 22 93 0 73 34 0 50 82 43 79 95 24 59 9 89 59 86 50 43 46 62 14 28 4 40 55 0 63 75 68 39 64 26 5 2 27 5 52 8 14 97 2 39 55 11 94 81 97 9 90 9 38 3 37 42 9 92 8 72 32 76 78 96 69 83 65 96 55 16 3 69 80 72 74 0 83 33 47 46 43 36 55 81 5 92 89 15 49 63 87 81 38 64 43 6 13 
7 68 68 90 71 36 69 42 77 36 92 9 83 37 52 19 92 99 24 49 53 39 98 15 93 78 20 22 20 93 35 94 61 69 84 98 72 18 40 48 54 98 57 37 34 76 56 92 74 46 40 94 52 3 75 44 81 95 32 68 54 34 61 81 2 10 78 74 29 84 21 49 81 79 86 14 20 7 72 60 54 11 53 5 14 95 15 62 55 47 96 8 81 22 89 50 33 33 23 28 
16 11 77 98 56 29 78 76 2 50 35 22 27 55 27 8 49 8 36 3 56 31 79 2 53 67 52 52 100 42 80 83 19 23 80 75 18 23 16 20 39 17 43 67 72 36 41 87 11 77 91 33 7 69 35 26 1 54 79 68 62 24 50 81 47 96 21 31 85 3 18 24 20 27 57 59 29 98 45 40 40 1 73 47 70 75 39 38 95 17 72 56 42 88 2 55 83 90 87 33 
59 4 57 79 98 13 37 26 77 49 67 16 50 39 29 87 80 69 24 74 86 62 96 94 49 98 49 98 53 1 30 11 72 88 57 69 67 94 95 10 8 27 26 59 33 22 45 12 91 35 87 42 97 82 36 45 46 51 8 65 52 38 77 23 92 33 58 25 93 52 35 68 46 27 26 79 49 37 91 5 38 77 48 34 25 50 45 37 0 53 1 18 91 44 41 49 77 99 74 36 
16 75 3 62 1 96 6 17 99 98 89 36 40 36 70 31 52 81 68 18 33 70 36 90 13 77 4 57 41 78 59 24 52 28 52 20 90 59 3 88 22 92 23 62 95 59 94 46 39 27 65 38 97 0 94 77 44 99 100 51 42 58 75 61 52 27 81 41 52 50 28 74 41 17 1 35 76 61 48 14 89 12 52 51 79 11 27 22 9 93 74 18 16 14 79 68 7 25 75 59 
75 69 99 15 86 0 17 61 61 65 41 49 43 59 0 21 71 94 10 46 87 50 64 69 64 8 37 72 33 11 97 74 47 96 56 32 96 73 60 56 3 0 72 46 60 38 33 30 98 43 42 50 93 6 19 23 14 56 61 14 33 57 54 80 52 9 79 47 48 38 70 51 38 7 63 98 45 97 94 42 5 36 93 65 8 78 88 89 33 48 69 32 4 23 79 23 99 23 36 47 
61 5 64 99 12 27 63 23 90 22 32 95 58 91 59 66 68 12 21 67 26 90 99 31 12 43 20 11 66 56 24 93 28 88 92 6 14 20 30 70 42 62 65 67 52 90 99 19 69 19 52 95 9 50 92 88 60 11 65 25 68 89 18 96 77 76 1 57 62 98 27 70 59 58 2 77 47 1 62 82 87 13 77 62 30 68 16 90 80 81 81 47 70 65 8 46 6 76 2 34 
74 96 4 32 53 73 76 67 40 3 48 27 17 24 55 13 59 71 69 38 52 49 51 88 81 59 100 53 34 68 88 74 64 58 73 83 30 48 49 71 51 64 64 34 54 18 47 12 56 15 16 74 31 67 61 78 92 60 30 93 27 84 66 57 41 38 40 38 52 55 8 70 18 38 3 39 56 17 51 78 99 68 51 96 0 78 73 93 3 70 51 98 53 16 54 61 21 60 99 73 
15 73 42 100 10 12 38 32 29 56 77 94 90 94 90 90 72 28 48 41 64 99 38 84 82 59 44 2 85 8 41 66 47 84 66 23 96 70 21 91 92 98 50 81 92 39 37 29 34 85 36 98 84 75 81 31 100 91 33 50 65 74 16 78 23 48 67 85 17 89 41 76 52 92 22 9 97 59 4 30 44 41 95 94 82 41 24 81 32 23 97 63 97 12 7 87 60 74 71 44 
28 12 19 47 70 41 22 66 67 27 97 10 68 91 70 15 31 94 62 29 16 58 59 79 71 66 65 30 5 2 40 0 81 25 47 50 33 69 15 100 62 78 9 29 34 79 44 32 38 5 61 20 64 86 99 0 17 64 97 23 32 37 23 12 62 36 62 95 4 43 94 67 21 69 62 55 13 73 87 17 44 14 37 74 100 36 74 17 66 71 6 98 74 29 76 1 31 3 63 35 
46 22 68 67 92 97 89 71 69 41 55 79 21 92 53 21 94 93 4 25 29 77 89 2 5 64 4 2 67 67 37 13 89 72 46 46 68 0 84 2 42 38 81 63 96 100 50 90 93 20 14 21 97 3 91 68 33 61 70 0 94 74 80 48 45 92 95 79 93 44 47 0 48 27 29 43 94 46 32 86 66 13 73 29 16 63 97 15 90 33 15 83 6 95 31 17 87 92 96 45 
35 42 45 83 35 40 25 95 86 24 80 18 37 19 47 19 48 43 34 38 76 16 20 48 77 17 65 29 8 26 74 43 68 85 92 70 25 84 64 77 7 10 95 10 29 41 96 43 51 29 81 93 11 68 41 89 51 5 17 60 32 58 69 66 42 61 1 33 10 32 10 17 42 4 94 37 12 89 80 63 84 27 21 96 61 62 84 11 34 67 37 32 24 6 64 33 33 66 66 43 
98 42 26 5 13 19 42 25 7 88 54 91 81 75 52 7 37 1 19 37 69 22 35 59 28 99 92 61 30 58 70 94 66 96 99 79 14 6 3 88 61 57 45 7 32 97 15 35 99 0 38 33 22 73 92 51 37 84 78 34 7 48 27 73 9 93 52 91 65 21 78 25 79 89 33 77 86 14 78 50 14 82 83 36 20 74 53 57 57 98 91 30 11 85 3 20 77 21 10 41 
42 55 33 87 9 66 29 95 46 73 10 60 54 93 62 40 33 15 98 56 12 54 87 23 38 56 9 81 77 87 22 85 7 55 38 16 87 67 78 32 6 88 58 26 47 19 67 80 0 30 35 79 84 88 68 89 43 78 69 86 30 91 71 37 11 8 19 64 41 97 62 47 51 19 74 98 5 6 43 72 36 78 51 19 32 18 7 75 62 43 61 92 100 98 95 11 5 81 41 46 
77 3 60 94 89 100 91 60 5 33 32 41 78 83 26 9 67 0 50 96 43 77 53 42 74 48 19 79 28 61 92 71 30 17 65 85 16 21 45 88 21 43 28 99 25 54 74 58 54 90 53 63 67 6 5 40 20 24 19 14 85 77 51 81 94 15 66 76 3 10 63 24 53 57 89 44 10 28 68 31 17 88 94 84 94 65 24 80 90 9 60 40 52 10 21 11 93 53 87 96 
29 49 19 48 5 74 58 82 1 25 79 18 12 39 2 72 3 93 17 93 68 77 100 19 88 87 30 80 39 83 41 68 31 60 82 2 100 39 50 0 30 29 18 43 34 87 81 37 45 99 97 12 75 62 98 28 48 27 7 87 9 48 20 6 74 1 75 73 6 25 39 36 20 24 45 20 10 26 57 56 91 19 34 31 81 32 60 28 25 33 81 1 82 67 7 21 34 49 61 40 
74 66 43 60 90 88 80 0 13 2 22 70 22 22 1 2 54 61 98 46 94 44 47 41 11 20 29 45 69 56 52 8 21 95 34 11 82 13 78 62 16 100 98 4 88 99 73 42 25 36 54 19 81 0 26 92 87 21 2 56 77 54 30 99 48 65 76 97 78 53 24 60 18 21 30 5 20 3 13 45 39 67 30 86 33 23 77 20 44 80 76 88 100 5 52 14 36 27 10 14 
46 0 40 64 21 37 35 7 40 49 19 45 82 49 31 15 38 74 35 83 19 77 70 19 48 88 33 85 14 9 65 60 9 71 90 30 7 24 38 13 39 57 25 21 72 56 2 10 96 37 59 15 80 95 0 27 82 33 78 62 42 42 21 17 13 77 47 87 67 51 0 6 74 25 94 12 47 62 89 42 65 47 23 44 7 23 37 55 22 15 16 64 23 3 47 2 80 95 90 12 
11 90 18 52 81 78 64 27 39 52 35 3 65 59 13 72 48 51 26 71 32 8 0 21 11 48 24 57 8 80 69 19 35 54 71 15 31 0 8 37 52 43 6 16 68 20 54 16 37 46 53 35 54 53 56 65 67 80 21 75 59 91 61 94 10 31 75 41 32 83 44 50 26 51 33 94 37 87 76 74 33 28 8 87 48 64 18 14 10 5 56 69 62 16 29 72 13 3 80 45 
87 23 62 79 40 95 72 77 47 14 16 80 8 91 33 56 21 17 37 31 22 93 66 85 8 95 22 21 65 1 33 17 25 61 96 65 55 33 8 1 47 24 48 56 15 47 78 36 30 14 67 18 73 99 69 47 94 92 69 24 93 68 41 84 28 36 15 49 69 23 16 83 47 30 4 28 77 82 64 73 63 97 92 1 96 60 49 55 51 84 45 10 51 86 94 45 88 75 94 22 
98 9 4 11 40 8 39 83 57 70 56 86 66 13 53 27 73 1 48 91 85 59 67 1 44 26 46 98 1 39 20 99 49 24 9 55 100 15 37 22 85 59 74 16 72 26 10 11 28 24 68 79 84 34 81 27 60 26 25 27 32 45 26 81 35 1 1 0 16 38 22 0 64 96 84 1 89 94 79 83 17 46 61 0 46 7 95 73 34 86 100 66 97 92 12 98 94 13 99 9 
17 87 77 47 49 26 15 37 19 94 19 2 6 46 70 52 54 64 91 54 15 57 86 11 48 64 8 41 77 6 17 60 94 60 74 42 86 89 45 71 82 64 73 54 76 42 73 29 72 63 83 87 19 34 98 68 98 73 75 40 45 92 0 4 17 40 46 2 28 57 73 76 20 46 30 63 54 2 92 26 65 41 79 51 75 43 85 73 15 59 12 26 17 79 31 34 18 77 37 12 
0 76 89 87 88 85 49 42 87 41 34 17 48 79 34 22 21 18 95 2 78 74 29 95 18 60 95 3 2 31 15 2 7 70 90 95 54 38 2 6 45 2 24 93 82 58 15 2 77 76 5 20 15 0 81 34 60 75 37 28 73 18 31 46 89 87 6 8 91 9 15 36 11 39 95 59 63 76 62 5 52 33 25 33 33 72 33 59 13 36 87 86 55 17 98 9 70 3 17 61 
79 32 97 57 37 91 15 0 33 43 5 85 76 98 84 8 35 17 67 48 53 20 100 74 37 97 83 7 67 0 34 11 99 97 68 36 87 50 2 86 93 74 36 69 37 20 43 73 3 77 20 56 97 87 97 100 83 79 73 15 45 6 27 10 2 95 46 56 44 14 41 3 88 78 38 25 64 81 64 67 23 50 89 86 36 85 86 19 30 24 34 75 31 61 85 100 22 97 21 32 
77 63 35 31 6 73 22 70 20 86 2 9 35 91 96 72 76 47 57 72 71 91 46 68 18 98 34 6 60 55 38 37 84 40 68 56 79 90 25 65 41 94 75 76 85 36 47 26 83 70 98 19 61 9 54 45 73 88 51 33 42 55 36 93 95 70 48 40 25 40 4 66 33 79 7 17 81 21 9 63 91 6 49 17 83 2 62 55 90 79 88 98 34 90 90 95 59 38 34 84 
78 39 15 10 84 23 95 65 44 3 27 34 77 42 52 59 44 80 13 33 59 68 31 59 57 20 53 83 24 88 32 1 93 48 79 76 37 73 40 47 42 34 81 18 76 99 43 20 79 23 19 3 91 50 62 13 37 81 62 61 68 95 29 60 8 7 2 11 46 8 58 54 42 4 39 85 3 82 71 48 71 90 51 61 6 79 41 9 59 69 70 94 63 65 19 37 38 21 48 50 
30 72 4 38 77 9 89 80 91 59 94 28 15 44 89 88 89 96 97 47 65 32 40 94 98 26 98 35 47 45 86 43 84 56 48 60 65 36 39 21 96 32 49 77 42 4 64 30 100 60 43 30 92 50 24 55 76 21 91 89 32 42 32 15 98 80 75 28 15 80 49 77 78 99 19 86 69 49 15 68 75 25 65 67 41 89 88 16 76 44 4 7 86 2 90 49 48 30 77 30 
10 26 73 54 91 93 40 59 41 21 93 16 46 57 49 87 11 36 69 87 81 40 61 32 42 50 82 91 80 58 20 56 50 93 10 40 51 50 99 59 71 58 75 84 14 90 36 26 92 5 79 38 45 39 71 53 55 18 43 35 76 29 57 26 89 67 32 5 83 98 64 54 55 4 3 69 94 39 61 86 10 40 90 55 45 60 8 0 78 17 1 20 13 58 46 1 25 44 73 74 
41 37 94 96 41 97 31 35 2 92 87 12 98 76 68 43 2 42 9 80 59 10 66 38 68 78 5 59 22 79 33 63 15 26 59 56 90 90 57 92 47 9 3 11 86 71 20 88 79 29 33 4 39 100 42 73 43 48 32 65 26 31 28 7 57 53 29 46 8 87 3 21 96 7 32 47 44 18 0 23 47 34 27 52 100 35 92 8 83 90 74 75 20 68 82 43 20 11 56 95 
64 59 15 59 66 14 73 10 32 73 100 46 73 93 64 38 27 55 47 77 44 20 51 30 54 100 74 40 10 29 34 40 88 15 65 54 96 37 30 28 10 29 40 49 21 70 88 48 92 34 24 1 20 42 32 40 41 5 80 17 0 80 57 88 61 21 7 57 25 3 51 1 32 91 50 19 26 3 34 17 3 24 19 23 66 51 29 73 22 8 90 89 54 12 76 15 0 50 72 92 
53 89 93 52 45 42 37 71 12 71 89 15 96 7 5 27 24 34 0 12 9 56 0 63 35 42 44 35 58 82 26 78 70 85 29 14 93 66 86 4 3 40 20 99 47 25 25 37 59 92 49 34 48 49 98 83 57 7 84 15 90 9 93 25 60 88 6 52 53 92 57 56 31 77 20 44 1 12 47 26 3 96 61 51 10 24 100 33 31 83 48 87 58 6 79 17 94 85 70 13 
42 26 35 39 69 56 83 36 68 96 62 71 91 89 89 67 12 88 100 10 37 14 63 95 20 41 79 14 25 48 27 67 40 62 5 8 84 54 44 17 49 72 89 5 61 43 72 39 97 38 49 33 18 12 95 38 19 73 18 45 20 11 78 26 74 84 34 23 37 44 41 53 82 96 58 8 38 97 48 0 0 63 34 18 41 28 22 61 0 41 5 87 52 83 12 92 32 12 15 36 
22 22 89 70 17 12 79 21 8 26 21 8 89 55 93 30 49 15 57 15 56 62 68 74 10 80 32 43 58 47 45 46 69 33 16 52 45 95 73 20 20 94 95 75 15 54 71 30 69 27 46 91 55 13 30 66 60 62 75 84 75 19 30 43 18 46 61 29 40 33 49 26 94 10 67 75 64 38 4 32 65 16 89 20 97 18 52 22 81 26 5 55 11 1 65 29 47 92 58 53 
25 7 79 85 84 46 59 47 50 29 45 81 12 100 0 8 17 18 97 64 44 1 86 55 3 16 50 16 74 8 70 99 82 14 49 65 26 74 78 42 3 89 23 15 88 23 90 4 42 86 35 52 53 87 74 22 69 23 39 42 98 75 7 79 55 56 9 82 30 87 23 100 75 12 14 62 36 70 33 44 55 34 62 74 20 1 97 55 25 35 97 22 76 3 68 30 26 77 78 22 
30 68 21 4 80 1 33 82 71 32 92 92 66 54 65 52 21 27 73 46 28 69 35 3 39 69 34 65 45 11 87 75 45 74 46 25 75 45 6 11 77 65 2 8 85 33 26 5 61 99 18 89 67 53 59 5 21 93 36 32 70 89 74 82 62 86 6 36 30 79 13 6 43 82 81 27 15 6 100 42 4 17 97 37 70 55 9 57 13 11 55 50 0 28 31 62 13 3 65 43 
82 44 15 92 26 62 85 7 68 84 49 38 0 11 42 36 33 51 93 46 28 48 62 28 42 93 57 56 96 21 65 44 65 81 35 57 42 86 64 77 70 79 81 70 91 22 6 23 39 65 35 68 79 98 62 21 90 18 77 52 5 41 96 37 88 97 94 97 82 58 39 51 36 19 88 93 8 94 15 47 24 51 81 3 48 43 24 3 61 67 55 33 7 16 70 62 12 63 58 95 
87 63 11 23 82 99 15 90 58 98 3 83 48 50 52 62 93 76 31 20 42 87 19 15 2 89 77 82 51 0 76 38 63 87 27 11 52 8 0 9 5 70 58 19 20 9 47 79 51 79 65 93 31 84 75 33 72 51 14 90 18 56 94 81 9 87 92 61 95 59 36 67 95 61 86 81 70 33 26 21 78 91 80 8 41 54 7 79 72 22 34 90 44 94 36 19 80 28 46 75 
53 83 7 13 9 93 95 79 92 20 66 35 77 12 43 84 66 51 63 3 39 63 93 83 57 29 2 36 23 14 77 42 97 84 55 5 43 15 51 0 35 83 36 79 95 79 62 27 29 91 30 34 20 23 84 77 18 86 79 7 66 56 49 63 5 3 34 48 86 51 15 87 34 51 65 95 96 94 21 92 50 18 25 70 7 8 46 25 60 25 32 26 47 47 55 18 16 55 33 1 
6 48 89 6 99 19 67 94 12 55 85 29 73 77 99 80 85 11 71 45 2 69 71 15 15 92 33 98 46 66 100 18 13 88 24 78 73 58 38 86 12 89 81 85 65 45 30 50 22 67 61 24 1 31 5 83 89 39 80 34 71 79 53 51 32 43 28 5 0 32 57 12 21 37 63 86 48 59 1 71 25 62 95 26 59 67 75 47 72 55 82 42 100 0 59 32 43 54 3 44 
86 26 22 73 29 52 59 77 10 60 47 2 22 8 95 81 75 70 95 12 24 76 20 23 42 80 21 85 33 91 95 85 83 84 58 11 35 83 89 11 42 1 13 30 9 8 78 50 44 72 28 68 13 49 57 55 95 45 5 94 1 67 78 85 50 1 96 85 84 50 96 93 18 76 22 94 84 66 10 94 3 38 27 16 87 84 37 81 95 9 74 63 76 18 47 25 19 8 76 70 
25 37 62 43 12 50 36 62 83 46 55 86 85 82 69 37 32 5 85 93 14 24 55 90 42 1 81 28 77 56 98 1 94 25 44 5 41 46 68 23 93 89 9 43 71 78 46 69 49 30 61 30 55 16 19 63 84 67 91 60 22 54 61 15 45 71 88 87 84 21 76 42 9 85 85 46 28 30 14 44 27 76 74 82 58 59 44 41 25 1 1 48 55 28 29 0 66 83 53 49 
3 28 91 80 80 41 25 74 71 6 17 64 82 57 45 39 16 90 80 41 57 47 55 11 42 51 78 7 100 97 56 70 25 12 49 71 53 40 44 90 46 28 54 27 85 99 32 0 54 79 8 10 25 29 89 67 46 32 40 46 29 62 15 54 74 30 91 93 70 34 83 16 28 36 9 13 0 8 80 21 87 54 98 78 84 86 11 29 18 51 41 47 13 56 67 53 86 23 46 22 
23 95 38 52 97 13 31 63 21 10 84 7 65 82 52 14 33 63 43 17 13 51 30 93 6 63 12 59 86 24 81 76 18 85 27 81 64 58 43 52 34 27 25 65 75 77 79 74 39 89 58 19 39 88 78 45 17 90 70 69 80 16 44 98 67 71 44 31 95 88 83 29 81 7 94 21 85 39 95 90 27 18 8 66 6 87 77 90 42 47 58 22 29 2 86 97 39 30 27 34 
17 76 29 98 83 89 85 33 27 79 90 20 98 98 86 70 50 63 59 93 76 16 81 4 85 66 0 24 96 94 58 79 69 53 42 18 41 26 17 35 72 6 55 35 71 7 4 20 70 29 79 11 11 59 15 97 25 83 20 87 76 44 32 11 97 40 29 3 67 12 4 4 19 60 39 90 67 9 76 2 4 55 13 15 13 95 11 4 77 98 92 19 41 90 30 37 29 25 7 96 
37 11 66 22 71 4 78 3 80 54 72 84 8 51 66 21 46 77 26 89 41 84 74 82 73 3 86 1 95 93 64 99 3 29 20 41 0 99 10 46 18 83 30 26 33 96 47 79 38 39 34 79 89 7 27 61 78 12 29 72 71 59 70 74 88 57 81 54 21 92 0 39 74 97 65 73 92 78 18 96 84 52 41 72 59 68 33 2 46 28 75 16 87 10 56 40 67 3 95 54 
95 61 93 34 57 23 6 14 1 24 76 85 76 16 22 1 50 21 3 96 49 44 78 35 21 0 42 54 3 2 8 98 63 0 98 86 24 3 66 92 95 41 42 36 24 64 37 74 86 7 70 0 17 13 2 38 13 44 59 16 12 67 80 75 33 77 26 23 81 58 81 75 99 22 10 22 53 14 97 4 88 32 4 71 45 6 76 25 16 34 41 28 67 21 69 100 98 61 90 44 
18 70 85 84 59 62 72 11 42 68 15 96 66 86 66 78 59 7 2 41 41 9 70 74 30 4 40 95 32 29 4 50 65 90 100 23 51 72 0 59 5 82 54 72 68 86 15 26 94 84 67 0 93 2 75 90 74 14 50 5 9 54 21 74 43 21 64 60 93 64 85 98 12 38 35 80 24 50 72 17 100 4 17 93 74 58 48 47 38 98 18 47 17 5 88 27 26 17 87 85 
47 72 49 59 76 84 38 100 0 76 83 100 81 67 58 20 24 5 33 63 69 51 76 87 22 29 13 15 46 66 100 94 3 14 52 80 99 57 45 65 32 28 30 79 95 89 99 85 60 31 13 29 48 56 82 71 85 95 86 31 26 51 24 30 66 42 76 30 99 20 95 98 14 24 76 75 79 75 60 39 72 39 34 87 95 82 57 80 42 8 77 68 25 0 64 91 8 39 87 7 
26 81 71 40 72 46 15 50 87 75 55 25 80 55 11 75 36 68 20 78 42 97 12 67 63 76 24 71 15 10 44 41 58 14 47 29 27 62 45 13 2 67 38 83 21 49 23 24 83 43 1 24 39 13 58 1 90 82 38 71 58 83 78 15 63 24 44 90 87 56 70 55 22 7 37 43 23 60 67 5 2 35 97 7 14 20 75 3 68 13 40 25 62 17 41 24 8 51 81 61 
6 50 15 95 23 53 38 46 79 71 18 48 72 14 55 87 0 30 56 68 9 97 93 71 80 33 61 54 51 41 14 23 91 30 18 14 49 56 26 94 93 44 41 65 24 63 17 24 93 73 92 68 35 85 38 15 84 99 35 0 40 50 24 97 46 42 77 95 64 3 88 22 13 96 87 38 58 70 62 16 43 20 84 78 71 21 59 20 86 95 21 92 10 45 89 56 87 31 50 16 
0 3 38 14 99 92 52 22 61 80 38 3 100 21 48 36 8 6 57 95 67 78 86 77 22 40 32 75 72 48 91 72 52 95 52 16 86 3 39 47 50 43 50 49 65 64 52 73 71 8 33 3 86 19 81 74 25 12 48 97 27 4 35 79 99 87 61 85 57 66 98 6 9 13 21 74 78 73 12 14 81 46 17 32 31 98 5 56 77 19 19 3 23 20 48 89 6 8 39 29 
41 36 35 50 15 23 90 93 96 1 6 43 13 91 75 10 88 81 67 64 66 86 33 90 72 81 44 78 56 83 74 97 85 75 12 100 98 1 59 60 69 31 2 49 21 43 59 9 90 25 39 56 77 39 45 48 19 55 93 41 3 66 37 54 40 49 19 4 16 78 64 86 76 66 0 97 75 59 72 65 85 78 20 27 16 31 42 1 86 34 43 89 66 46 8 72 96 27 76 78 
5 39 29 47 71 29 43 46 89 15 10 39 59 97 32 75 27 74 76 79 7 18 33 39 65 41 11 26 68 87 70 39 93 100 86 29 28 29 75 83 10 51 21 69 47 54 9 74 94 51 52 1 36 85 6 67 92 17 59 60 71 28 99 63 27 51 92 22 80 33 71 56 50 93 91 98 12 66 37 5 16 56 73 52 6 80 18 99 63 77 24 33 5 22 62 99 73 20 87 18 
19 58 40 69 16 97 66 95 62 70 66 79 25 39 30 98 85 15 62 13 92 86 47 63 75 75 28 13 61 14 32 80 72 38 49 88 35 81 82 97 50 48 75 41 53 72 39 3 87 0 16 44 87 29 74 61 4 1 74 65 15 72 11 54 77 60 41 11 40 90 74 57 37 49 98 56 87 2 59 39 3 41 49 56 71 22 83 41 23 22 72 5 61 83 59 37 8 66 14 49 
55 88 5 58 2 69 13 89 72 38 94 41 80 43 63 16 65 11 57 55 100 95 26 60 78 51 63 86 16 43 0 72 31 72 96 100 41 9 55 12 13 48 19 93 91 82 8 22 59 31 43 58 26 69 85 70 86 47 21 1 57 22 39 54 94 35 53 0 10 7 79 23 22 98 83 79 45 57 67 3 89 9 62 81 44 46 50 29 59 71 98 15 59 36 35 19 37 89 19 47 
62 65 71 50 28 19 29 74 76 96 43 64 72 71 44 82 16 60 78 42 98 75 23 56 77 59 41 14 13 61 61 41 92 98 92 19 83 20 59 59 82 2 89 19 73 100 1 56 59 45 98 56 19 87 79 96 11 19 76 24 46 3 66 37 67 23 23 50 9 82 8 91 50 97 77 23 96 78 45 21 89 8 43 7 95 21 69 6 41 11 97 53 14 62 57 81 85 80 30 94 
61 4 51 78 68 27 0 29 71 11 50 59 19 94 32 13 14 67 86 21 78 83 41 92 10 98 39 96 43 69 55 3 40 72 47 7 65 47 36 1 58 53 60 77 46 58 57 26 25 8 14 2 91 55 61 1 18 100 63 61 34 84 30 74 56 78 47 87 91 50 89 49 2 14 92 14 73 14 40 64 23 20 32 80 75 93 47 59 92 76 19 93 26 50 32 48 94 46 34 84 
96 22 99 98 37 91 78 9 71 17 73 60 38 4 6 79 64 53 38 21 96 23 13 21 39 12 69 32 58 2 16 53 25 14 16 28 71 94 3 8 77 42 68 81 12 74 26 76 94 30 98 55 53 77 76 59 55 10 91 12 12 73 31 3 54 13 31 24 6 0 99 50 42 67 97 55 6 22 30 66 18 94 20 38 37 62 97 92 72 53 71 51 26 1 54 80 15 52 70 88 
52 69 37 95 1 0 15 74 22 45 6 7 5 93 45 42 21 41 100 93 60 70 43 86 72 64 31 87 82 68 40 100 2 44 60 70 44 75 9 66 87 15 39 92 75 84 100 96 91 99 88 51 35 98 36 73 27 34 25 75 68 65 40 70 8 67 39 52 41 14 85 94 30 23 85 71 7 50 66 98 15 19 48 50 83 51 22 76 51 13 50 18 78 57 54 87 23 93 38 30 
73 89 24 2 12 75 39 86 25 4 49 6 91 64 22 73 14 10 49 31 23 65 49 0 88 2 87 10 61 92 41 33 46 65 2 24 5 7 9 30 12 59 2 2 89 24 41 69 34 90 100 57 21 14 24 8 83 77 19 43 34 26 42 81 57 10 4 62 18 81 59 97 39 61 65 27 52 5 96 86 96 61 9 83 75 33 91 57 76 76 66 10 68 74 91 24 51 61 53 35 
41 11 31 46 38 96 39 90 0 0 76 62 61 51 10 35 50 1 58 25 43 23 1 11 64 92 1 14 19 54 49 60 31 46 73 70 41 11 59 7 12 0 36 39 51 46 41 0 13 99 93 57 89 94 34 52 52 1 32 37 56 81 63 53 93 35 22 33 47 82 6 25 82 42 64 100 89 4 66 1 70 58 24 58 18 58 76 70 26 74 73 48 20 35 0 12 71 23 45 84 
4 17 75 52 60 4 51 48 9 17 15 45 41 40 69 25 64 10 61 90 84 33 37 3 69 4 15 39 27 26 89 98 43 63 15 69 67 67 83 42 50 99 87 57 4 21 83 68 31 43 24 14 77 27 17 45 31 99 50 24 91 38 88 34 0 3 2 67 36 86 76 86 50 62 8 54 84 91 88 81 34 78 96 77 5 79 21 2 44 37 94 34 75 81 34 41 84 37 7 19 
89 83 71 4 11 80 24 61 36 11 41 36 56 2 12 61 82 100 29 25 36 22 25 77 70 60 17 53 63 92 39 17 74 76 21 51 55 45 11 58 22 19 94 78 21 73 4 69 72 34 60 75 22 86 17 92 45 35 11 74 26 16 91 66 92 11 84 13 22 95 71 44 80 30 22 68 2 26 36 41 26 97 82 15 48 99 73 59 33 50 32 25 66 22 92 58 33 75 37 55 
35 74 65 82 3 87 49 73 80 85 80 72 47 61 53 95 25 26 53 25 76 51 50 42 73 7 66 72 48 69 26 50 42 92 98 11 44 46 84 90 97 29 28 44 90 81 4 82 6 24 6 83 75 22 91 48 97 22 19 44 91 12 60 32 70 57 43 80 69 94 70 66 22 98 76 79 78 80 60 51 3 32 100 79 20 90 93 16 11 78 27 68 90 87 100 59 10 8 5 79 
68 75 10 91 38 86 35 82 32 61 32 35 59 31 80 79 87 38 96 64 16 22 31 72 75 97 98 51 5 2 97 39 77 73 29 81 59 30 62 91 91 61 92 49 92 38 28 45 42 90 8 58 78 6 97 18 2 94 70 74 96 32 13 38 4 8 18 63 5 80 19 96 40 78 11 99 82 5 9 23 61 17 48 38 90 10 56 59 3 92 99 99 23 11 36 28 87 54 57 92 
100 43 53 40 20 64 4 68 35 13 57 96 97 4 33 87 14 56 11 84 47 9 82 71 88 84 65 74 37 21 31 3 64 84 9 50 14 13 17 15 93 75 11 89 45 10 41 26 66 52 9 80 28 58 50 15 41 14 55 45 1 86 48 66 35 57 15 15 36 100 31 28 74 8 83 85 85 91 10 51 8 87 97 36 44 46 17 51 26 72 96 27 23 9 59 25 32 75 40 34 
74 37 62 13 45 11 98 30 1 75 47 76 61 43 12 4 55 29 55 81 68 17 74 91 26 33 15 25 74 22 59 13 59 21 26 71 99 90 67 66 64 13 41 24 22 53 95 77 49 16 23 16 33 97 73 25 96 55 50 69 43 9 48 68 97 74 38 61 30 4 26 94 84 67 85 5 87 79 48 1 61 71 84 94 34 22 86 96 77 35 31 86 10 79 54 73 53 92 33 83 
63 59 42 46 93 26 18 79 72 66 46 32 3 29 93 37 51 78 99 95 79 29 80 56 8 33 28 27 92 62 76 54 20 17 66 79 10 84 23 82 16 69 80 19 98 72 22 15 15 20 9 61 50 55 16 24 89 44 51 46 72 26 66 59 9 31 37 19 82 61 0 98 29 81 83 94 18 4 75 34 91 84 95 40 38 77 64 93 87 81 38 59 6 70 84 16 1 20 35 49 
47 2 12 43 49 95 2 67 65 77 67 55 26 61 62 30 3 92 23 91 73 27 15 45 98 65 27 65 51 29 80 99 31 92 7 46 52 9 12 83 52 80 3 78 6 65 7 77 23 30 33 62 24 48 73 88 79 0 52 29 29 98 27 26 55 0 38 6 9 50 55 61 96 58 38 69 90 12 45 12 42 44 74 32 92 12 19 36 12 37 65 7 34 59 100 89 59 37 61 69 
54 15 96 49 40 0 84 29 12 95 7 20 38 47 53 96 59 38 31 72 42 97 79 76 55 45 31 13 82 58 48 35 40 10 51 80 10 34 75 89 96 82 8 33 28 27 29 87 32 60 58 74 22 3 15 43 48 12 23 96 71 71 31 10 47 48 56 23 48 30 11 43 11 87 77 5 80 72 92 11 31 16 85 20 86 67 63 100 79 86 95 49 23 92 25 70 39 47 94 88 
43 71 97 20 57 73 25 37 44 17 14 42 100 66 28 85 32 91 84 10 43 78 26 32 36 17 1 75 65 61 28 7 99 25 28 55 64 53 58 75 36 73 16 35 38 44 19 70 0 2 46 43 47 72 75 83 90 43 23 54 70 18 27 68 43 55 90 73 75 47 47 10 86 29 12 23 39 31 59 40 0 5 49 13 43 91 96 32 100 85 52 69 2 80 3 45 0 93 85 41 
5 31 52 92 61 30 81 100 27 40 5 27 11 21 6 54 11 1 53 77 87 4 45 89 50 14 0 51 73 85 92 79 82 9 36 8 39 83 75 33 22 80 26 100 0 33 54 78 34 6 54 87 77 66 42 27 46 8 44 19 59 1 64 40 78 66 49 83 48 90 15 71 69 42 36 36 75 90 80 75 62 34 62 5 66 70 32 11 78 42 30 2 43 94 42 20 59 57 3 7 
46 85 44 82 26 80 84 0 36 63 42 64 97 3 69 28 39 67 40 83 75 70 85 18 30 93 4 55 16 74 28 28 59 38 9 85 85 93 52 87 22 94 50 85 63 86 13 68 18 53 50 94 89 0 78 18 93 48 40 8 22 34 37 47 73 12 31 57 72 49 9 94 42 25 78 71 10 91 38 96 9 88 89 99 54 32 83 47 80 22 21 1 57 58 48 96 37 46 18 8 
95 27 68 3 52 11 40 29 2 79 24 11 32 12 76 87 10 59 100 90 81 20 92 3 45 5 99 82 17 16 56 79 43 23 82 62 34 88 91 2 66 14 81 65 93 56 51 69 81 16 58 62 36 15 31 81 21 30 28 38 12 50 16 56 73 64 84 74 52 74 42 84 54 89 48 12 11 65 81 92 81 4 53 84 20 85 64 41 81 59 45 93 8 28 14 48 58 98 88 76 
37 29 26 57 85 74 35 96 5 82 87 52 87 6 35 6 57 66 13 37 24 24 29 32 18 10 46 77 74 33 18 11 29 44 34 13 85 36 8 56 17 61 7 70 67 43 42 23 8 21 26 99 46 22 97 64 32 43 6 5 42 92 83 37 35 17 50 86 19 24 41 36 86 49 73 18 58 14 8 32 36 34 30 48 56 26 78 88 35 51 60 44 42 42 81 43 25 31 29 44 
21 70 47 73 18 86 92 76 100 66 7 1 100 3 15 56 97 94 9 31 44 69 75 52 11 56 95 2 53 23 47 40 94 60 13 78 45 71 20 10 36 94 79 35 98 94 57 60 87 67 57 97 1 99 14 79 54 9 82 73 99 95 12 92 54 92 36 65 62 56 75 64 15 53 100 79 47 22 38 100 55 96 63 57 94 77 35 13 52 16 86 51 10 64 8 30 56 44 95 84 
66 36 48 82 55 13 60 68 35 65 34 91 60 97 13 19 39 48 32 58 31 84 8 7 47 83 4 69 27 65 53 59 0 67 40 56 80 67 23 81 31 23 37 57 19 50 76 25 65 74 49 96 57 57 69 70 39 73 5 32 38 24 92 38 91 98 60 70 30 50 16 27 73 54 84 59 3 25 50 68 65 99 29 21 55 99 58 60 71 63 59 8 53 16 13 43 13 73 79 10 
