20 20
1 6 5 18 6 7 14 8 13 11 18 6 6 10 4 19 9 14 1 12 
10 3 3 12 4 10 18 7 11 7 6 10 13 10 6 17 17 18 4 7 
8 2 13 12 10 16 8 20 7 9 11 17 11 13 7 15 2 2 20 11 
9 3 20 20 13 3 17 8 0 0 15 8 0 6 19 9 1 6 8 8 
14 17 3 4 9 10 17 10 12 16 19 19 17 16 18 8 19 14 16 19 
13 8 5 13 14 3 20 13 9 7 20 0 4 0 4 11 10 0 19 20 
14 18 18 9 13 13 17 12 7 10 8 18 16 11 8 8 14 8 19 1 
15 16 1 17 16 4 6 3 4 4 2 17 1 18 3 13 11 20 2 16 
7 8 13 0 20 0 8 11 8 5 10 1 0 12 18 17 14 3 20 16 
6 0 12 5 18 15 16 6 12 18 1 17 6 12 18 3 13 3 14 0 
8 4 20 9 14 18 5 7 19 2 2 2 2 13 8 19 5 3 4 18 
20 4 12 3 16 7 6 6 11 18 5 17 20 4 5 13 20 8 18 19 
11 19 19 11 9 6 9 14 10 12 9 7 16 1 10 9 8 16 14 17 
13 19 14 13 2 17 3 0 5 20 17 14 18 15 4 4 1 12 18 9 
3 7 16 17 6 5 3 12 19 17 7 9 13 0 1 14 17 3 14 20 
2 10 13 18 4 16 1 3 5 17 10 8 1 5 2 7 8 3 18 4 
0 4 14 11 4 13 4 19 14 18 17 16 7 7 11 10 2 10 13 7 
7 3 13 8 6 13 14 13 17 11 17 15 15 8 5 17 1 10 13 15 
7 9 9 13 17 20 2 17 8 13 2 15 14 13 2 0 6 14 11 0 
4 7 15 17 14 20 13 15 7 4 7 13 13 16 5 9 14 5 4 1 
