30 30
29 22 22 16 9 3 18 6 6 8 24 22 20 25 16 12 29 11 11 8 1 5 3 22 14 6 21 5 12 28 
26 3 20 10 12 21 13 0 19 11 0 14 4 21 1 12 25 1 24 6 1 25 11 4 9 17 2 22 22 14 
12 11 10 24 21 22 8 5 22 27 8 23 3 12 14 5 25 9 28 11 7 29 28 10 3 29 27 5 13 11 
11 26 22 21 12 6 13 20 3 6 18 11 21 13 16 27 18 11 28 16 14 5 7 12 15 10 3 4 15 16 
7 27 4 22 10 17 28 24 7 1 22 17 12 13 1 20 2 11 23 0 20 7 5 27 11 12 8 14 8 15 
23 15 4 27 7 15 14 27 1 22 28 23 1 3 28 24 23 0 6 17 0 18 16 27 7 28 1 15 4 1 
23 27 8 19 25 8 26 1 5 27 15 26 20 17 29 10 11 14 2 9 23 24 19 10 21 27 0 14 4 4 
15 19 24 24 9 11 24 5 12 29 3 28 25 15 7 16 18 18 1 20 20 24 15 1 26 28 28 26 13 3 
23 20 22 17 6 23 20 0 29 2 22 24 22 17 9 29 26 27 18 19 10 0 13 25 1 2 23 22 28 28 
25 13 19 9 22 17 3 12 10 24 15 2 18 7 11 19 7 7 17 17 26 27 9 2 14 2 4 7 24 24 
6 11 8 17 13 0 4 8 5 14 2 12 8 20 19 20 9 18 27 18 27 24 7 28 18 21 23 22 21 17 
8 27 21 16 6 26 9 2 4 6 9 6 18 17 18 29 7 27 10 5 8 7 21 15 28 9 29 21 23 20 
0 1 9 13 10 15 9 11 9 13 17 18 11 5 6 29 4 5 19 14 10 27 14 23 4 12 24 3 25 17 
15 25 11 24 9 13 1 18 24 11 24 11 21 5 8 27 27 12 3 16 19 5 5 25 21 9 29 15 5 24 
25 20 11 28 15 20 11 8 1 5 19 17 8 11 14 16 0 11 20 25 19 1 23 16 26 14 26 25 21 23 
11 8 13 23 6 20 5 9 29 28 6 10 15 14 13 0 22 6 3 5 1 23 28 24 9 25 0 27 12 14 
20 16 22 26 9 21 8 14 22 29 13 29 2 20 5 15 20 20 13 24 17 15 9 15 1 10 2 24 8 7 
8 20 23 22 8 2 13 9 8 6 8 13 27 2 4 2 10 16 14 23 2 1 0 11 17 24 14 19 18 14 
26 18 26 11 10 5 13 16 6 14 14 14 27 11 9 23 5 19 10 12 12 4 13 13 16 0 7 0 12 17 
6 0 5 2 12 7 7 17 15 5 23 29 12 13 2 21 6 0 10 8 12 22 13 25 27 21 18 4 13 22 
13 19 14 10 21 18 18 21 6 25 26 21 25 8 4 19 29 3 19 9 11 1 24 16 19 21 29 29 18 12 
21 1 1 5 4 15 16 14 6 22 9 24 5 4 25 10 24 24 5 5 26 8 7 20 25 18 3 24 17 21 
29 0 15 22 27 19 7 13 3 5 27 4 22 3 1 17 5 17 3 10 22 29 18 21 11 13 9 15 0 26 
28 21 18 13 13 16 2 13 29 27 10 27 2 24 0 25 11 5 12 15 7 4 6 25 26 10 1 5 17 23 
24 15 14 12 29 19 28 23 2 20 13 5 17 7 29 9 2 3 6 14 10 13 18 16 8 6 18 1 4 5 
24 20 21 8 2 12 20 23 5 14 5 10 19 22 17 11 23 11 14 29 17 24 12 6 2 12 4 13 14 8 
18 0 28 1 1 23 13 21 8 11 5 13 13 17 27 1 28 20 4 4 11 22 20 15 20 22 27 24 27 3 
25 16 26 15 17 27 8 23 10 8 26 15 13 9 24 10 2 22 22 7 18 3 29 8 18 11 23 8 5 20 
11 22 28 29 8 16 26 8 1 6 9 27 14 22 6 8 25 9 23 17 8 11 21 7 12 9 10 5 9 15 
25 13 0 24 12 8 2 1 8 25 7 17 22 13 10 20 14 5 21 7 14 29 10 5 28 22 7 8 19 16 
