40 40
16 3 28 16 40 31 12 23 24 10 26 18 20 30 24 3 16 0 16 40 0 15 9 33 24 33 27 24 22 0 10 40 3 39 18 5 31 30 30 14 
1 15 35 21 5 18 26 23 20 1 25 20 16 34 14 40 27 0 26 10 3 36 10 8 36 30 15 28 21 4 4 22 20 39 4 25 18 30 9 39 
34 34 20 9 28 35 11 16 37 39 26 1 36 38 12 34 27 27 21 9 32 27 31 11 25 37 38 5 27 6 5 22 2 25 31 32 21 3 7 20 
1 33 23 40 31 35 33 19 22 13 29 13 0 21 26 27 18 23 34 6 31 39 28 33 26 20 24 8 24 31 30 27 24 13 26 16 7 18 35 29 
34 25 3 36 6 29 24 24 13 18 32 4 18 19 39 5 39 25 14 22 15 3 11 0 18 37 18 26 17 13 16 12 40 22 7 5 12 33 31 26 
10 22 32 31 0 30 36 40 14 11 23 32 17 36 34 35 35 12 20 11 27 39 23 26 20 32 34 32 24 24 19 37 6 10 29 8 2 24 9 18 
38 33 9 14 30 5 8 24 19 29 35 5 29 19 33 8 12 26 1 39 12 21 37 18 31 25 26 33 10 36 11 7 30 22 21 19 27 30 5 7 
20 40 14 8 21 7 18 35 35 19 33 6 40 31 26 33 15 14 25 26 11 38 35 2 22 16 23 10 7 28 18 29 30 32 37 10 0 16 6 36 
37 1 3 39 32 32 31 7 5 17 35 18 17 31 20 39 6 2 8 15 31 26 3 20 18 1 32 20 17 40 17 16 0 21 14 33 12 6 1 19 
23 38 37 1 28 16 40 37 20 8 11 10 36 17 32 15 18 25 36 38 27 12 13 27 35 27 21 8 33 22 29 17 21 25 19 11 2 20 7 23 
30 20 35 26 37 29 2 15 15 38 12 1 12 27 31 6 15 11 17 9 36 5 26 16 31 6 27 35 27 36 19 18 16 16 3 14 4 8 31 21 
5 4 25 19 31 15 28 5 26 4 14 23 9 2 1 1 10 28 37 39 26 17 17 3 33 22 17 37 30 8 20 38 12 4 16 5 19 5 10 6 
9 27 30 21 31 31 22 0 20 20 40 7 38 18 10 32 40 30 29 32 38 10 29 11 14 6 18 35 12 29 0 21 17 32 1 7 24 26 9 6 
7 8 13 4 28 24 39 28 13 27 19 12 39 9 25 12 15 3 6 27 34 8 10 12 2 11 21 26 39 30 32 6 0 5 12 28 31 10 15 5 
39 36 19 37 4 5 10 20 10 18 8 3 27 18 17 29 32 38 16 30 28 8 38 28 15 12 15 7 22 33 12 23 28 33 21 35 38 32 16 8 
9 24 13 38 4 31 28 36 28 4 27 15 14 27 4 29 39 20 36 22 12 9 4 1 1 26 36 0 19 13 8 28 38 24 28 3 14 15 0 3 
21 27 19 35 15 25 25 13 4 22 38 18 33 1 20 34 29 17 37 7 33 4 36 30 28 25 35 3 1 35 7 25 23 28 19 39 12 6 13 19 
30 10 37 23 14 18 16 2 38 14 10 30 19 7 21 8 32 15 14 35 9 21 19 34 10 0 32 22 6 7 0 38 17 40 20 33 17 39 36 14 
12 5 3 33 12 24 1 5 0 17 40 9 38 21 3 7 21 37 31 29 5 34 26 25 33 6 17 9 6 12 24 18 17 29 11 31 15 14 38 15 
31 40 25 30 20 30 39 0 28 29 31 34 22 16 18 16 24 35 26 30 9 11 10 28 40 21 19 14 37 18 32 27 17 18 18 37 7 16 39 37 
6 29 32 29 5 9 6 31 6 32 23 17 4 33 4 4 15 25 20 13 3 11 40 22 29 19 19 38 35 17 37 0 6 28 31 13 40 38 5 7 
29 28 24 34 22 30 40 39 17 21 11 20 35 12 1 25 31 22 25 25 40 21 26 7 10 18 22 11 15 27 18 6 17 3 1 0 36 2 40 12 
23 10 34 19 23 37 6 13 19 31 0 20 13 28 29 25 5 10 37 21 39 14 29 15 20 30 18 15 34 17 27 18 29 20 38 13 18 3 29 37 
36 29 16 8 16 4 33 21 16 31 3 15 5 34 32 27 23 9 1 18 28 30 37 17 11 34 30 29 39 18 28 36 8 5 3 24 10 38 7 28 
31 12 4 38 6 37 24 31 7 27 9 36 18 5 14 31 0 5 19 39 26 8 36 34 14 39 20 26 38 29 13 30 2 18 27 8 16 10 1 23 
39 10 20 16 17 36 6 17 3 28 17 29 36 12 24 9 12 5 35 11 36 10 1 39 30 30 8 5 0 9 30 39 21 10 17 40 7 25 16 10 
12 35 0 8 8 27 19 22 34 16 36 30 28 37 30 17 26 40 22 28 11 11 29 32 23 7 34 33 32 11 4 4 6 5 14 16 34 35 39 27 
10 34 18 40 32 7 16 19 9 40 9 20 13 38 13 36 4 6 30 38 18 35 1 26 40 17 1 33 12 40 21 24 35 40 24 26 8 40 7 17 
1 16 37 14 15 12 11 21 18 1 18 36 36 20 21 37 39 23 31 10 24 11 35 21 12 20 8 23 21 15 40 22 31 39 36 5 10 7 26 30 
8 6 26 5 28 8 1 26 33 34 37 17 6 33 40 19 12 7 3 35 23 2 17 15 2 12 21 14 21 8 4 31 14 32 36 1 40 39 28 35 
32 26 11 0 20 10 19 34 19 22 28 1 26 4 17 31 19 40 6 40 7 12 33 24 5 28 27 7 29 16 1 22 1 12 22 23 24 2 16 2 
26 4 6 14 10 23 6 31 22 12 33 31 25 25 16 32 14 3 39 2 19 40 27 23 13 8 5 39 13 22 3 39 28 9 12 40 32 18 31 15 
33 25 7 19 11 24 10 25 27 9 30 7 8 16 30 22 26 36 20 39 19 23 38 6 34 11 7 27 32 40 3 24 24 11 2 35 35 14 22 23 
23 11 30 34 29 22 15 14 17 37 13 36 22 10 3 15 23 12 4 14 12 7 38 38 18 1 33 14 16 16 39 39 27 31 32 15 12 8 31 29 
7 3 26 29 15 31 5 39 2 9 12 14 19 10 12 37 11 6 13 27 24 11 28 10 1 21 27 13 30 17 3 37 23 29 27 38 21 34 36 24 
5 8 40 24 20 13 22 33 21 35 22 4 6 9 16 9 32 4 23 21 22 28 19 6 19 7 3 40 3 40 23 8 9 25 34 29 38 15 23 19 
12 4 25 20 15 1 29 7 5 13 30 29 1 9 35 20 18 39 19 21 40 4 31 8 29 26 39 28 3 21 8 15 28 34 35 2 35 23 9 1 
37 40 33 40 10 27 19 28 27 38 11 28 3 3 38 34 32 36 22 35 19 30 11 6 25 5 8 21 30 20 25 28 19 17 27 31 3 5 18 33 
5 31 20 10 37 20 4 28 15 28 24 36 19 35 3 4 1 14 27 31 34 11 21 14 28 7 4 34 15 24 26 22 17 7 32 13 27 38 2 4 
25 26 1 4 22 5 10 23 19 37 13 14 8 34 28 36 3 32 29 18 17 16 1 34 24 33 8 12 33 12 16 17 38 18 23 21 25 33 3 3 
