50 50
22 24 2 41 41 15 30 15 3 16 16 46 48 48 34 5 1 42 38 34 10 48 27 32 3 43 49 22 50 43 23 46 16 25 36 31 14 15 20 17 5 10 37 27 32 20 32 8 12 45 
42 47 42 43 28 45 35 1 41 8 44 13 3 34 13 14 14 1 29 8 19 9 18 5 36 25 0 43 33 37 37 49 33 28 41 35 48 0 10 38 8 3 26 37 11 13 0 50 14 3 
7 33 12 0 13 23 25 38 15 7 24 1 5 31 3 20 40 0 20 0 13 29 28 13 40 40 26 40 39 14 17 47 22 4 21 35 27 46 47 16 27 45 17 6 25 45 26 39 20 21 
39 33 50 42 20 13 31 46 27 19 9 44 40 31 22 35 40 49 4 10 14 31 4 5 11 3 0 38 43 20 8 5 27 32 47 47 19 1 16 46 46 50 39 9 5 11 45 19 34 49 
30 23 30 34 28 41 38 2 2 4 22 35 9 23 41 31 19 9 32 9 4 27 9 18 37 14 3 5 7 11 3 37 34 7 46 37 23 7 39 50 11 36 35 45 8 50 25 2 34 32 
11 12 8 45 4 19 8 7 24 16 44 2 27 1 9 22 38 6 29 1 6 14 37 15 9 19 14 34 21 48 15 7 35 49 1 39 42 35 47 41 25 14 17 1 15 26 49 28 33 1 
29 13 16 40 28 25 8 42 33 4 14 23 11 49 46 12 37 37 21 7 1 46 46 18 22 11 19 20 39 26 21 17 39 11 6 16 36 39 32 19 43 20 16 28 18 11 41 30 48 36 
11 24 32 7 42 3 43 35 48 31 10 43 22 49 4 2 14 14 41 21 7 8 41 23 36 34 34 0 38 6 37 49 30 43 30 46 20 22 31 17 27 15 34 23 14 38 25 2 2 41 
23 9 23 39 7 8 22 41 9 9 21 20 32 25 12 12 21 6 8 26 48 10 41 31 7 4 44 33 32 46 48 29 29 20 17 10 2 39 26 36 22 47 5 4 22 42 41 43 48 23 
43 45 33 33 0 41 12 44 48 44 13 19 22 16 39 14 27 15 2 2 1 25 49 6 3 45 23 44 37 45 16 3 14 24 37 14 39 23 32 10 16 45 29 12 35 42 0 11 6 3 
38 32 2 11 13 5 5 36 23 17 4 13 20 18 37 31 6 50 3 38 9 44 32 12 6 17 28 6 2 9 34 15 41 10 26 3 15 31 13 12 22 18 26 43 10 37 23 17 37 27 
4 20 20 11 7 0 2 9 32 29 18 40 44 34 0 19 11 40 25 50 2 47 17 2 39 27 39 37 44 50 38 23 20 7 34 1 33 10 10 39 39 3 28 33 11 28 26 47 18 0 
46 45 22 37 47 10 39 35 21 32 35 8 29 29 41 37 4 48 47 14 36 10 42 13 17 2 42 43 24 34 18 19 2 40 6 49 24 45 7 46 0 16 3 4 19 18 41 23 15 12 
38 0 22 3 14 39 31 30 5 4 38 23 23 40 12 3 12 37 22 19 6 48 36 34 1 4 2 42 2 17 28 14 43 50 17 6 12 48 10 18 1 48 15 50 11 28 27 23 39 50 
16 45 47 26 28 22 5 30 13 7 22 16 21 14 40 38 45 2 10 29 45 36 0 9 9 11 11 37 8 24 10 24 18 31 25 21 2 30 0 40 37 47 5 32 35 46 19 3 22 3 
32 16 40 6 50 49 17 36 9 50 9 19 49 28 50 23 49 26 2 23 16 13 45 21 45 29 41 38 33 12 42 39 2 31 46 2 3 37 12 13 11 21 32 9 49 6 32 21 32 8 
19 22 21 13 18 40 16 8 27 23 21 18 12 48 23 32 24 27 18 36 40 29 7 46 12 30 26 44 26 33 26 45 4 21 32 22 10 48 5 38 21 0 30 7 48 3 39 22 30 31 
7 44 10 39 39 22 19 40 41 45 22 41 13 0 12 45 48 47 42 2 8 37 2 39 44 24 42 32 20 46 13 2 39 48 41 1 44 34 41 8 2 37 50 15 38 36 34 35 32 0 
37 41 37 13 3 31 11 45 37 32 14 24 34 27 46 49 28 40 33 44 22 35 30 46 25 42 31 8 26 38 8 37 28 20 24 31 0 36 50 11 42 38 10 50 14 5 48 16 19 30 
34 16 40 14 11 39 30 43 21 6 30 30 17 32 50 42 12 24 1 36 9 43 23 19 16 37 50 13 27 43 18 11 8 32 50 20 20 29 37 41 9 41 45 27 22 18 43 8 16 18 
44 26 35 41 19 0 1 43 13 28 36 31 39 18 12 12 38 6 42 49 22 0 39 16 1 10 9 18 43 25 36 36 25 20 0 19 20 1 11 8 30 21 39 43 40 26 5 1 6 21 
0 28 21 13 19 48 49 2 15 41 27 1 1 27 46 1 46 16 3 31 24 33 27 37 25 41 37 4 42 18 25 16 46 21 4 39 18 2 41 7 43 43 8 18 19 29 20 39 45 23 
44 43 30 20 3 29 10 41 34 27 8 33 17 28 3 21 42 46 48 6 3 15 49 36 33 42 14 2 4 33 50 49 25 3 18 29 33 29 44 41 30 1 23 47 3 27 43 45 47 40 
1 50 4 24 36 38 16 24 14 45 7 39 43 32 42 11 35 49 14 28 39 18 3 37 14 7 38 31 26 34 46 27 8 50 1 44 11 42 42 0 36 49 39 3 5 4 14 14 3 2 
43 16 20 46 2 8 27 14 40 3 49 35 4 6 8 30 24 45 46 40 45 6 39 7 9 18 11 48 32 39 50 49 5 44 19 32 1 46 47 15 23 19 24 28 25 33 7 23 1 3 
12 46 9 25 27 43 43 12 40 50 1 39 48 31 6 16 12 7 12 33 23 9 1 21 37 0 28 19 48 29 22 10 49 5 9 25 48 27 38 37 26 13 50 23 44 5 14 30 37 0 
13 34 9 14 5 47 40 33 15 37 12 11 21 35 41 31 10 38 7 22 49 7 35 22 4 2 1 18 32 38 18 45 47 28 34 1 49 48 8 38 34 45 49 5 30 39 10 14 0 42 
10 23 49 19 45 2 21 46 46 27 7 13 47 3 15 4 29 13 1 12 0 35 6 23 14 10 36 49 49 36 40 8 8 12 27 27 40 22 47 35 50 4 22 20 32 38 24 11 25 25 
48 26 9 3 23 49 39 9 47 37 19 11 46 2 48 47 3 37 44 0 46 43 29 18 37 10 30 10 46 4 35 43 4 18 21 28 16 9 11 38 46 4 49 15 6 20 12 35 7 30 
35 27 47 13 19 33 23 49 43 44 28 27 36 32 19 6 34 36 15 19 48 36 24 20 0 4 40 37 39 21 16 23 49 37 10 17 19 8 41 11 1 18 12 37 50 32 18 8 42 33 
27 13 43 25 33 44 30 22 4 18 18 46 16 16 32 0 7 1 8 48 37 9 15 24 21 40 5 39 48 21 21 49 34 39 24 41 6 3 37 10 46 4 30 36 20 37 37 28 12 19 
50 49 29 15 22 50 29 1 38 0 47 33 49 4 21 47 45 27 24 32 12 45 36 16 4 31 2 41 33 14 35 32 38 13 21 34 37 50 10 49 24 6 5 48 11 1 44 30 2 43 
11 39 37 22 5 41 2 7 6 35 47 41 16 34 28 12 17 14 36 27 37 10 8 16 7 19 17 25 23 20 17 35 8 3 6 38 45 33 46 25 17 16 15 7 50 43 19 41 31 5 
18 42 40 26 7 47 19 25 46 42 19 13 0 1 16 31 40 35 13 9 9 30 25 24 12 24 41 5 39 46 35 6 37 24 6 45 45 50 19 41 16 38 3 16 13 44 48 2 29 10 
11 12 15 10 11 1 8 1 6 48 48 42 3 34 40 35 2 35 8 21 25 24 33 2 15 47 46 12 23 49 47 35 11 36 45 47 37 3 48 18 25 19 9 2 28 49 37 30 7 46 
26 6 44 33 8 8 29 29 45 27 1 16 36 12 1 30 33 13 7 31 5 6 24 14 9 1 37 46 6 19 15 32 25 34 14 8 42 18 37 37 45 38 27 30 25 2 34 7 15 16 
12 20 22 37 8 31 12 20 1 18 39 41 50 38 24 39 46 41 6 6 27 25 19 28 4 18 30 12 50 20 2 12 14 25 23 23 30 9 17 5 28 30 47 1 17 20 40 38 10 20 
44 11 45 37 39 23 4 19 36 4 13 38 41 27 37 13 50 42 22 41 47 24 20 43 26 12 38 40 24 22 10 17 34 4 4 47 2 33 40 38 37 2 50 27 30 11 14 3 2 11 
19 23 35 39 16 35 25 3 25 49 25 9 41 33 38 19 4 40 1 44 27 13 21 1 14 0 37 29 28 13 14 47 36 23 10 1 33 35 29 32 8 29 41 23 36 28 42 40 18 17 
34 19 30 29 45 19 29 31 48 31 18 36 28 4 8 38 30 15 47 34 47 29 12 37 1 48 40 17 12 7 35 20 0 39 49 46 7 27 0 29 32 19 14 9 23 48 21 27 37 43 
10 34 46 22 20 48 45 34 14 6 41 23 0 42 37 49 11 44 25 11 23 6 30 11 41 27 33 36 4 20 28 39 28 24 36 22 46 30 6 34 10 47 32 35 12 18 33 23 11 32 
9 8 12 13 45 2 15 27 39 19 21 41 32 49 39 17 21 34 21 27 43 5 48 24 40 10 42 22 7 2 3 16 36 16 4 30 43 19 6 5 12 2 47 44 25 35 11 46 44 6 
47 36 12 45 9 1 29 25 49 10 27 1 1 12 42 5 16 35 24 48 40 10 50 10 3 24 20 39 45 13 46 15 23 7 34 6 33 37 31 31 48 32 33 23 19 24 28 35 33 26 
32 23 10 31 33 13 30 2 2 49 40 22 13 12 29 48 43 11 34 23 43 31 5 50 28 49 48 30 33 31 30 15 3 40 20 10 3 50 38 30 48 27 1 11 14 4 8 6 15 16 
30 32 22 9 5 50 7 3 30 40 34 9 29 37 50 50 21 27 49 8 6 21 36 32 6 50 36 39 30 25 4 34 32 26 17 37 26 24 40 30 39 23 39 42 34 38 41 5 39 14 
13 45 9 23 0 15 47 36 3 27 36 32 35 17 33 2 3 33 0 18 12 13 41 0 5 25 13 20 4 1 8 42 21 17 15 21 6 36 32 34 37 17 16 22 8 49 49 36 5 49 
3 17 12 45 42 42 44 29 11 48 31 20 39 26 11 28 21 18 39 2 1 25 44 17 21 1 40 19 38 45 18 41 36 4 9 28 46 2 6 31 24 11 0 38 11 12 40 33 4 28 
35 5 28 3 48 49 4 37 43 16 6 35 32 42 39 15 44 8 18 25 39 16 10 14 28 22 0 18 4 4 20 13 34 48 16 31 21 46 43 38 11 49 22 17 14 35 33 33 43 25 
7 5 15 42 44 44 13 18 11 17 47 5 5 31 3 21 11 49 16 3 10 2 26 32 44 15 16 26 48 33 25 29 12 41 20 31 34 34 49 19 25 46 24 4 26 1 26 11 24 16 
40 34 43 15 40 37 30 30 37 1 37 37 30 50 1 25 30 35 33 28 28 32 48 1 37 48 28 12 9 1 2 49 10 20 38 50 31 43 30 42 44 16 28 49 40 29 23 19 38 5 
