75 75
56 48 71 72 66 43 74 3 68 40 17 27 13 51 68 61 53 53 8 61 32 35 18 63 31 34 54 57 22 14 70 18 2 65 31 68 33 29 11 25 9 45 68 22 20 60 23 13 53 32 74 26 7 33 13 38 67 67 35 13 21 29 48 24 18 3 32 67 48 60 17 57 29 25 19 
65 26 42 3 3 14 1 29 37 34 58 75 25 66 50 55 11 3 27 51 38 46 24 29 18 8 46 75 53 72 34 42 38 16 45 41 31 63 11 68 21 69 8 63 75 58 42 27 2 9 2 40 55 42 69 73 50 56 12 27 68 46 10 30 2 55 71 33 42 22 42 4 16 66 67 
31 64 49 58 66 58 1 30 53 43 40 66 18 20 18 61 12 4 71 42 6 67 53 40 49 0 22 69 32 12 0 63 0 49 46 7 47 47 37 24 14 17 30 48 37 48 50 49 52 45 15 59 52 9 39 42 9 61 35 41 13 36 28 29 25 14 36 73 61 14 37 16 31 68 4 
9 40 54 58 33 40 14 16 16 23 55 74 32 56 50 13 9 26 41 54 51 56 15 48 57 45 26 13 16 34 18 25 14 72 24 47 36 38 3 69 1 74 67 49 54 41 62 3 67 43 58 59 39 13 47 21 58 73 50 14 31 68 40 62 65 4 33 41 42 37 34 59 35 42 32 
30 23 34 49 31 1 31 14 41 60 61 2 42 75 52 73 46 61 53 32 50 57 6 31 39 59 6 22 34 48 70 4 11 28 54 42 29 25 72 10 10 74 28 68 73 5 65 59 66 42 16 56 39 38 27 2 21 33 24 71 21 18 0 33 46 70 75 16 19 72 42 29 10 71 38 
7 16 27 66 22 10 22 18 49 60 45 68 21 3 16 17 24 51 33 73 37 27 73 69 46 9 36 16 19 31 54 42 63 21 48 9 47 71 43 37 71 12 29 33 31 45 66 72 36 23 69 74 66 6 67 52 15 27 68 50 74 62 32 1 8 5 10 55 16 53 32 11 6 61 60 
37 47 50 49 7 13 43 5 3 49 73 56 5 40 64 71 39 51 28 56 75 33 7 70 49 0 27 0 6 12 61 60 59 51 33 67 65 16 12 8 66 9 4 11 66 69 6 45 60 50 25 59 7 32 69 72 33 20 13 39 49 74 39 48 65 73 55 54 13 68 63 19 17 67 30 
7 0 53 52 60 27 2 59 51 50 53 47 7 13 0 63 62 14 26 35 4 39 14 74 69 22 61 12 40 69 59 47 9 36 40 70 63 58 69 38 32 46 26 40 60 26 43 62 57 69 21 61 33 52 59 42 74 61 54 38 70 37 26 3 13 66 13 1 64 7 55 20 53 5 0 
53 48 43 40 29 37 1 30 10 53 13 52 68 14 46 30 8 24 72 28 37 62 41 38 50 48 34 11 42 39 11 35 11 71 75 56 32 17 10 58 70 40 50 62 54 36 33 63 60 29 15 38 32 72 16 22 45 50 33 27 14 61 62 41 56 2 22 28 19 48 26 29 12 16 32 
67 52 65 70 53 34 25 15 66 21 31 29 6 6 2 49 20 63 52 1 59 54 23 11 13 12 53 58 24 69 14 31 62 3 25 39 38 66 54 44 12 9 73 34 15 0 8 35 3 60 37 63 54 0 14 67 12 8 49 53 1 64 8 63 7 34 26 61 24 4 30 52 14 43 11 
45 43 19 5 63 3 58 50 57 74 4 64 27 12 53 4 30 41 12 17 65 62 60 50 11 4 20 3 18 64 14 4 47 49 25 34 68 7 24 49 21 45 53 48 57 31 68 11 12 5 45 1 67 29 52 18 33 72 22 68 0 52 12 48 26 37 22 18 44 47 8 5 16 61 70 
13 32 62 41 45 67 10 46 75 55 38 17 28 35 55 36 51 32 48 23 74 9 62 16 69 49 24 75 5 26 69 18 58 71 59 27 63 9 14 2 64 52 35 33 27 15 69 3 63 58 42 61 67 28 17 1 1 58 16 6 24 25 41 6 20 24 50 23 50 64 25 54 56 61 11 
8 16 21 11 3 3 69 4 10 22 37 11 39 19 43 62 43 68 27 66 13 67 56 36 41 44 62 36 40 63 47 48 3 8 75 22 27 69 42 54 31 3 65 10 23 49 72 6 41 39 72 54 47 52 31 28 36 33 64 1 20 52 65 39 60 65 61 12 74 27 66 45 30 71 71 
69 60 8 0 26 47 12 20 18 65 51 47 41 8 51 58 44 27 48 7 12 53 68 40 67 35 46 52 6 57 47 75 42 55 75 8 43 12 28 1 17 4 64 74 28 40 57 73 7 45 20 19 38 29 75 29 64 61 5 70 59 68 10 41 64 9 49 31 37 1 48 70 21 37 9 
50 17 6 63 24 51 23 60 29 52 75 74 57 61 19 51 44 11 61 9 75 11 74 46 64 75 19 75 37 72 8 27 13 14 30 37 5 53 21 50 30 21 48 11 22 67 2 6 2 4 31 18 15 29 4 19 44 23 18 5 19 42 32 32 72 62 10 1 56 47 51 10 8 39 37 
30 30 39 52 49 43 7 7 74 52 11 18 21 35 52 42 70 19 75 43 31 1 53 33 57 40 24 7 49 4 44 19 34 24 72 23 67 19 30 6 72 42 40 17 17 16 59 27 51 74 70 7 16 63 56 13 28 20 21 17 24 5 52 75 29 48 22 21 68 53 27 4 35 7 21 
68 23 20 19 15 35 30 38 51 17 18 64 61 38 25 18 3 31 71 2 60 59 24 21 67 17 64 71 68 71 32 60 19 53 20 50 12 50 12 3 67 30 7 69 8 33 11 27 64 22 29 64 6 70 10 73 11 74 69 4 70 25 4 29 18 24 3 46 74 31 49 6 61 57 75 
9 30 26 53 34 49 6 22 71 0 32 68 28 31 1 32 41 43 36 70 61 1 13 48 75 44 21 5 45 18 20 70 64 63 47 22 52 54 45 63 70 17 55 22 64 73 54 29 40 31 39 41 32 52 13 47 20 51 69 5 9 29 0 74 32 47 36 8 41 5 71 36 23 67 58 
11 4 53 57 60 24 20 25 72 73 55 43 33 46 36 39 55 6 39 69 38 26 30 47 68 51 58 28 74 65 26 26 69 3 23 69 43 43 35 39 56 14 7 14 0 59 69 55 65 32 65 28 74 19 15 66 70 13 18 9 3 61 51 12 64 74 6 48 41 41 11 38 71 18 52 
71 2 45 66 7 17 55 35 15 14 66 22 9 4 56 34 23 41 9 35 46 23 57 18 4 22 29 42 33 64 18 28 6 3 35 13 36 14 65 52 29 55 74 54 59 54 12 6 36 37 58 6 60 39 24 64 2 69 31 51 57 65 4 63 9 55 1 45 69 66 37 38 61 51 16 
61 46 44 7 6 5 65 12 5 45 52 10 63 45 57 38 27 46 58 14 55 37 31 41 47 37 2 9 23 54 42 8 24 10 15 30 32 21 58 53 66 34 63 69 19 44 31 46 31 14 1 26 51 32 67 22 70 70 48 33 64 14 41 12 40 72 58 72 33 40 50 39 14 53 32 
33 22 64 20 69 18 21 19 69 69 27 32 3 21 20 36 9 34 17 37 74 30 19 11 63 59 61 27 13 54 59 46 16 63 6 9 5 27 45 15 37 72 63 40 17 7 17 42 41 34 19 55 4 38 66 68 37 67 35 50 46 34 36 62 22 43 72 43 10 57 58 47 53 45 28 
10 68 45 68 33 19 11 13 24 49 3 16 26 71 67 16 57 41 52 43 3 35 55 47 62 36 45 33 13 31 61 39 23 46 31 57 66 42 10 14 31 29 46 73 40 37 13 21 18 6 5 22 41 60 69 27 37 38 1 66 69 2 30 33 49 61 14 39 44 40 69 15 69 39 13 
50 16 26 71 34 48 0 72 14 1 65 57 38 44 74 28 53 1 74 10 66 0 40 45 60 4 38 75 14 17 12 64 49 55 75 23 27 0 20 57 17 25 55 55 69 53 23 63 70 22 73 0 38 54 45 22 74 23 21 12 56 50 16 45 29 16 69 56 32 29 54 49 54 33 44 
64 10 7 51 21 45 64 21 7 58 7 45 57 30 67 9 27 57 26 72 26 58 5 22 30 50 0 19 29 33 3 33 60 10 24 5 56 28 42 3 11 49 49 68 20 56 17 47 37 59 59 3 41 5 25 11 55 26 30 24 59 49 73 59 60 21 4 56 66 47 75 1 36 48 9 
56 44 26 43 21 26 43 24 67 48 50 19 43 0 65 68 75 39 65 75 23 27 3 19 17 66 18 34 27 7 59 23 51 25 7 13 51 50 37 59 38 11 2 5 27 67 13 43 30 19 42 69 62 61 12 3 52 47 53 19 54 36 58 45 1 65 58 53 55 36 36 33 63 38 55 
31 29 68 74 0 27 56 69 13 57 22 32 49 9 9 68 3 61 51 64 63 56 47 56 36 23 16 69 10 70 48 41 39 57 55 39 8 35 49 38 33 11 70 6 20 20 15 23 21 6 11 24 62 74 4 38 21 36 32 48 30 20 13 10 17 9 65 26 60 38 4 17 49 74 24 
9 34 39 48 72 45 0 20 47 74 25 10 36 1 58 8 48 2 37 58 20 46 47 62 31 26 6 64 15 4 12 41 55 67 13 51 52 13 71 24 28 36 34 64 54 32 12 26 34 65 24 70 52 11 72 7 37 2 71 69 23 24 34 18 15 47 69 68 1 4 32 29 57 6 33 
35 38 45 1 12 34 25 23 10 36 19 33 14 38 45 23 1 9 57 19 24 44 28 32 45 48 4 14 45 10 47 20 48 32 21 61 67 62 24 17 39 43 67 53 21 52 0 22 61 73 57 25 41 25 74 27 74 2 57 43 29 29 64 1 61 25 2 68 12 26 26 51 10 17 44 
31 69 60 70 54 57 67 19 38 17 17 5 15 20 63 74 49 16 62 66 17 12 9 10 40 35 36 31 61 69 75 33 62 75 27 56 56 34 75 34 51 33 40 66 69 43 5 58 75 67 48 16 19 57 42 75 33 18 30 34 11 45 67 13 44 34 9 40 69 25 75 44 58 55 51 
51 38 56 33 37 63 21 69 23 19 36 38 68 54 69 26 66 54 18 19 23 52 29 3 61 54 18 46 36 13 37 27 51 17 0 28 20 21 22 59 40 58 22 32 52 31 59 58 25 17 2 48 9 47 52 71 25 70 57 1 8 18 28 75 51 44 28 71 65 50 71 46 48 33 2 
40 4 1 23 29 34 41 18 44 12 70 55 53 4 36 70 28 70 38 44 45 6 72 56 71 62 51 41 50 24 60 14 28 1 53 74 36 34 16 20 62 26 15 39 46 67 33 15 61 71 59 30 1 55 10 13 57 2 70 31 42 54 61 11 72 39 9 48 73 41 68 60 67 23 39 
53 14 13 68 75 24 51 45 26 46 71 55 27 73 49 74 40 44 60 67 56 23 0 28 36 41 36 36 48 59 0 25 13 29 34 12 53 9 73 19 72 68 74 39 66 64 38 46 48 22 37 28 61 53 72 21 34 32 74 6 31 14 47 44 43 5 72 20 31 69 56 27 61 54 66 
67 58 28 53 30 66 14 74 51 7 70 13 41 42 27 63 13 41 35 57 8 40 69 44 11 62 24 38 64 19 45 55 17 13 33 64 4 63 62 71 11 73 24 52 55 51 40 69 32 15 66 56 71 60 25 7 62 65 61 50 24 30 46 42 60 19 30 4 22 32 75 33 29 40 26 
25 31 6 18 64 21 24 44 32 8 9 55 11 15 41 61 39 11 47 21 71 66 67 75 29 24 15 62 69 55 28 18 26 50 52 14 71 1 75 44 25 8 23 36 23 4 38 3 16 9 40 27 16 32 27 45 72 58 47 65 53 0 24 3 50 16 18 62 17 17 30 43 41 69 19 
5 74 57 24 14 67 64 57 7 36 8 52 32 6 23 38 59 39 62 3 14 2 21 16 36 54 62 19 35 55 38 40 69 20 64 23 27 69 5 34 29 29 26 62 36 65 24 35 29 10 38 59 28 75 15 4 69 1 23 29 72 2 69 66 38 74 29 65 67 34 39 20 64 5 6 
40 70 46 15 39 72 54 22 25 69 37 45 63 54 69 16 51 11 25 57 49 23 10 54 14 61 17 51 49 38 73 29 32 44 44 72 40 38 34 5 48 12 51 35 66 60 67 57 71 16 38 60 56 65 38 10 50 71 61 39 33 75 68 5 43 52 17 23 31 52 29 3 64 20 54 
70 20 45 52 31 1 14 15 57 3 69 68 53 4 69 16 53 68 24 58 51 17 16 75 48 68 44 51 72 64 29 66 24 14 42 55 15 73 10 13 16 3 21 70 23 14 26 0 23 67 74 74 8 14 13 56 22 57 47 18 61 16 25 9 30 7 64 61 4 14 74 21 17 19 31 
40 50 73 56 13 64 55 27 12 9 41 68 32 22 55 66 24 71 15 33 41 23 38 43 43 52 41 4 10 1 51 66 67 49 47 4 53 42 31 66 67 12 74 23 35 70 30 75 65 45 48 47 8 26 14 68 19 71 72 29 12 48 35 3 37 22 23 30 4 55 36 72 67 35 35 
42 45 65 57 50 35 30 21 59 56 51 51 75 47 64 44 75 36 20 3 13 42 42 43 63 37 4 59 29 55 18 11 24 8 9 74 59 39 36 42 35 27 34 51 14 22 35 14 74 55 17 11 38 59 70 25 21 74 8 66 69 42 17 17 50 26 32 49 5 8 16 57 35 66 32 
50 12 67 64 26 63 21 53 25 20 47 50 57 62 74 63 55 40 21 13 31 63 61 4 9 69 36 66 44 26 22 18 54 13 22 4 16 59 57 41 4 29 31 1 31 29 65 10 70 26 23 41 13 8 45 22 17 6 12 62 32 50 20 27 4 59 31 20 42 29 62 62 74 17 64 
29 63 69 39 73 19 3 38 48 27 7 11 61 29 23 63 2 14 7 29 18 66 0 38 49 29 40 35 43 58 23 72 61 32 52 58 51 71 20 40 22 43 51 23 73 14 10 15 28 18 44 46 24 60 9 13 30 49 49 73 47 12 10 32 45 62 14 36 73 50 0 19 18 51 59 
31 6 69 62 34 27 30 5 68 30 30 5 60 19 54 58 67 7 68 39 68 70 70 28 67 44 45 26 2 36 9 49 42 3 35 1 46 5 22 38 36 52 44 20 71 38 18 2 61 10 42 53 4 36 6 11 20 51 38 23 11 47 12 70 66 48 71 37 53 17 15 29 9 59 66 
4 38 8 7 23 35 65 1 55 25 23 67 61 14 29 8 41 16 21 35 7 9 46 60 2 63 75 32 12 75 22 17 53 46 40 0 5 29 17 61 70 56 68 55 70 37 4 36 53 41 11 0 50 58 0 52 61 0 24 74 15 62 31 68 33 71 8 54 40 26 55 34 6 47 29 
17 24 33 53 2 74 4 18 64 62 19 57 48 35 5 46 66 68 1 58 41 12 66 19 52 32 15 26 55 2 55 12 27 29 65 45 27 69 63 32 72 22 13 44 73 18 30 3 26 47 61 7 59 68 43 51 40 58 1 35 60 56 47 27 9 52 72 53 62 0 9 58 38 38 42 
36 72 72 39 39 59 41 46 42 49 29 17 13 11 34 65 12 14 36 55 40 13 52 33 75 52 58 73 14 20 39 66 16 51 46 55 34 27 42 0 0 71 33 29 23 67 18 35 21 71 14 1 8 6 34 23 74 16 20 29 36 75 19 69 50 5 64 8 32 30 24 48 26 57 2 
65 64 36 24 25 31 54 27 55 1 61 2 75 2 38 44 54 37 64 63 11 9 52 35 42 6 59 14 48 56 32 37 44 69 1 70 24 72 37 4 73 22 22 12 40 61 57 35 38 61 22 66 70 74 25 52 21 9 7 69 65 55 31 50 48 48 60 13 44 21 33 57 43 71 10 
24 72 67 59 35 68 5 25 2 20 66 71 41 75 2 34 5 73 5 71 46 70 55 75 38 0 32 36 59 27 46 7 40 53 66 75 61 12 40 63 32 46 58 13 46 0 47 67 74 69 62 60 63 41 59 41 57 31 1 40 74 63 48 38 40 54 53 25 6 17 29 38 64 27 51 
50 28 39 57 42 48 59 26 35 40 25 0 21 56 18 61 54 5 33 33 62 28 10 27 34 44 56 73 48 8 64 38 52 43 19 18 15 18 60 66 58 9 7 3 5 41 64 75 62 38 32 48 66 59 16 24 27 12 37 15 20 42 53 12 25 12 46 57 30 30 47 28 55 70 31 
60 35 35 0 22 13 32 10 3 31 26 44 58 55 21 73 15 63 66 28 13 2 74 10 48 45 57 0 40 68 47 41 27 7 41 65 20 13 16 40 45 58 8 43 37 29 57 53 33 47 5 62 66 19 72 38 4 69 55 45 61 26 10 29 49 51 18 70 64 34 50 33 17 74 17 
70 27 74 47 0 45 68 62 35 12 58 14 32 68 9 1 53 35 27 22 25 2 41 35 7 15 9 56 48 7 73 43 50 71 30 51 57 23 37 32 51 36 46 7 28 55 25 21 31 52 44 56 71 25 15 18 56 40 74 45 47 12 28 21 7 58 12 4 21 66 37 72 26 7 20 
70 3 61 31 50 53 75 46 48 40 1 66 21 41 5 6 28 17 34 65 40 32 2 45 54 68 6 66 34 29 26 28 48 11 75 22 5 15 8 53 55 9 60 16 66 5 22 34 22 72 24 2 29 42 47 23 50 69 13 8 23 56 52 71 7 51 34 12 66 42 6 62 68 66 2 
74 71 41 33 33 37 73 35 6 55 23 29 29 16 43 37 39 39 29 51 46 20 25 59 11 7 65 13 15 71 15 14 66 72 63 39 34 0 74 56 55 21 10 8 54 69 61 33 32 14 24 2 34 49 1 61 57 66 74 72 61 30 26 67 26 29 46 0 29 45 57 8 6 7 32 
0 0 17 34 32 47 58 50 22 32 52 23 29 58 22 41 60 68 8 67 34 37 38 51 67 23 32 15 29 55 48 30 55 5 4 27 69 62 1 15 34 53 38 63 52 0 45 36 68 53 27 43 14 65 18 21 12 66 37 58 45 25 28 24 46 32 51 39 18 68 54 69 62 33 56 
38 33 41 74 42 18 41 9 49 31 43 70 59 33 47 41 18 12 9 58 59 41 49 38 0 41 17 69 27 66 49 65 23 15 3 5 49 45 30 22 16 73 33 15 46 4 57 4 17 6 62 16 48 35 54 48 1 11 41 44 1 30 50 41 61 53 62 35 38 17 73 70 30 30 10 
17 35 7 21 68 13 24 24 61 59 18 49 0 30 14 45 47 61 19 28 46 12 15 21 67 48 19 61 18 65 11 51 40 18 13 48 48 37 72 49 36 15 23 37 61 53 22 32 38 57 61 25 69 16 62 0 64 21 2 22 11 13 74 51 48 11 40 20 48 36 9 24 67 32 61 
52 26 23 25 4 4 10 29 14 42 32 14 46 53 16 68 4 30 6 72 2 17 36 38 5 72 47 30 64 20 31 56 46 55 5 50 59 31 20 73 73 52 28 59 45 44 52 50 14 58 46 32 16 6 70 37 18 58 67 22 2 39 3 64 18 24 54 17 56 74 31 69 66 59 53 
36 27 45 26 42 27 72 14 59 18 9 21 36 7 12 59 25 67 2 13 9 26 7 43 22 6 74 16 12 57 9 64 8 54 14 66 21 26 5 5 44 30 26 21 53 54 20 2 46 22 31 71 64 54 38 11 60 36 43 13 17 68 1 42 46 32 48 67 74 69 72 59 39 38 4 
16 17 24 34 63 62 5 58 66 60 37 17 60 73 60 73 15 68 15 73 38 63 45 46 61 39 58 44 2 21 64 35 54 28 69 57 30 75 55 21 75 16 38 59 14 39 73 29 47 12 26 10 15 11 56 0 50 54 61 69 75 65 28 53 34 21 34 64 36 30 25 35 46 4 19 
60 59 16 29 30 44 71 56 59 7 36 75 57 31 0 66 30 6 18 24 40 56 74 44 32 28 70 68 75 14 27 75 73 59 29 43 43 24 24 42 31 0 57 29 31 58 35 2 4 54 26 60 50 40 28 6 69 38 74 8 52 41 7 65 40 36 33 7 1 73 49 48 73 31 17 
29 29 53 31 33 47 73 17 21 37 61 27 46 40 42 54 16 7 2 22 64 54 71 71 55 68 45 44 5 16 61 34 45 38 5 18 9 18 35 46 56 36 74 26 0 40 21 33 63 23 71 67 1 66 63 73 74 48 41 3 64 42 54 33 21 75 67 30 18 42 1 74 2 15 40 
3 71 1 52 74 40 47 66 58 37 53 55 51 25 36 54 29 2 32 2 39 32 69 70 66 35 11 4 53 42 60 56 37 62 48 35 26 19 41 24 72 18 3 47 59 55 26 28 74 74 30 37 46 23 47 36 74 74 40 52 40 41 48 17 27 21 69 69 56 34 18 53 69 37 24 
68 33 66 21 47 5 51 8 67 15 72 44 13 70 24 5 51 65 54 68 16 15 1 26 71 36 44 64 29 21 29 21 54 19 42 25 40 34 50 48 65 46 16 18 56 40 24 47 30 18 56 62 33 57 12 44 17 72 33 62 18 62 24 12 21 6 38 62 40 28 34 29 14 66 48 
10 30 12 58 0 30 38 63 3 35 75 47 69 12 4 55 30 66 3 42 12 10 20 14 66 64 48 36 2 54 24 13 8 36 71 9 6 49 72 9 24 11 56 17 23 61 73 69 67 16 52 3 42 12 17 33 1 5 69 3 59 33 32 8 69 43 17 75 32 29 24 57 56 4 74 
20 5 11 13 13 44 5 16 10 18 50 59 19 71 68 38 71 25 11 3 34 54 36 49 11 5 73 8 61 18 6 5 39 34 35 52 2 40 9 28 74 59 12 33 70 20 12 65 46 23 68 20 1 44 70 28 49 67 36 35 25 59 56 65 17 31 41 35 12 50 63 10 49 15 44 
44 36 56 49 6 3 42 42 20 26 36 65 0 28 25 35 69 8 31 58 41 63 24 0 75 14 64 25 4 3 69 48 39 65 37 61 8 19 28 29 46 4 18 46 48 59 21 42 68 52 24 49 55 64 50 70 3 54 20 7 57 29 71 37 19 48 38 27 68 6 56 38 11 14 8 
59 74 29 25 6 21 50 55 1 38 45 11 57 23 31 4 21 61 15 58 4 64 36 47 56 43 28 18 54 58 42 37 72 11 3 2 32 53 74 49 31 43 61 13 7 32 33 28 17 49 26 37 53 62 9 49 45 53 7 23 51 49 1 48 60 4 50 16 73 64 6 28 48 7 57 
55 39 15 23 73 4 65 34 73 67 59 46 37 52 53 60 28 26 1 0 26 21 66 58 18 71 64 47 43 71 44 38 35 75 1 48 19 66 6 16 57 6 62 18 58 39 19 26 5 36 26 31 58 33 30 0 28 18 63 71 30 32 49 5 47 50 53 67 56 75 7 37 5 10 72 
4 65 31 30 71 67 73 42 49 30 72 66 58 31 53 69 61 25 42 6 73 32 59 64 12 58 11 65 4 21 61 8 11 32 54 22 24 51 4 13 21 17 3 19 64 73 12 65 22 70 71 35 42 54 23 54 52 51 60 56 72 61 4 23 18 59 45 58 50 66 71 12 7 15 31 
71 28 60 60 50 70 55 26 37 49 49 31 25 40 15 22 37 1 26 0 35 25 62 17 0 52 28 12 75 59 59 10 11 43 70 2 38 65 28 15 54 17 46 19 58 2 41 35 19 68 35 54 17 21 71 33 13 23 61 28 7 45 38 34 28 48 36 6 37 64 37 31 6 8 51 
64 26 16 23 45 8 74 23 42 36 18 15 65 57 1 18 4 62 56 39 30 29 15 37 6 4 74 38 10 22 13 14 48 45 37 33 70 51 56 36 11 14 67 1 12 68 19 16 70 75 71 25 44 11 2 51 31 16 29 41 55 42 55 43 27 32 1 21 7 57 73 19 12 65 36 
24 73 55 40 68 70 52 33 39 3 51 30 34 67 59 15 46 41 10 14 68 42 15 14 65 12 11 24 24 16 60 48 14 55 29 22 50 21 55 29 24 30 75 74 37 58 13 8 23 23 38 31 5 69 45 70 21 73 19 46 13 3 34 43 75 3 65 65 24 44 18 64 14 33 2 
52 15 15 0 54 54 54 25 75 63 71 70 8 8 13 70 37 32 29 5 31 32 70 20 73 55 54 61 69 27 64 61 58 19 1 36 14 55 2 13 42 13 23 67 21 52 61 58 25 14 3 72 63 74 33 60 53 11 61 62 39 65 48 37 25 65 14 55 45 16 8 27 29 32 18 
66 24 4 64 49 34 68 46 21 66 3 21 59 30 23 45 9 12 33 47 53 23 61 32 8 1 41 35 46 13 70 36 37 74 24 11 48 16 73 70 6 0 31 5 46 54 51 56 7 24 27 60 63 28 33 71 45 74 47 15 27 57 51 64 55 75 15 43 16 12 53 38 28 9 44 
15 3 35 71 10 75 38 11 63 6 44 74 51 58 45 66 9 26 41 73 21 40 29 5 72 57 58 35 26 67 19 41 71 70 52 21 69 14 32 72 20 0 71 11 58 56 1 67 23 42 5 60 22 50 65 19 31 48 70 57 55 13 38 66 23 14 12 16 44 44 13 4 45 24 15 
